0 0.218099 0.276367 0.516927 0.276367 0.516927 0.479492 0.218099 0.479492
4 0.794922 0.524902 1.000000 0.524902 1.000000 0.847656 0.794922 0.847656
5 0.562500 0.243652 0.733724 0.243652 0.733724 0.394531 0.562500 0.394531
5 0.507161 0.290527 0.667318 0.290527 0.667318 0.442383 0.507161 0.442383
5 0.711589 0.325684 0.852865 0.325684 0.852865 0.531250 0.711589 0.531250
5 0.669271 0.403320 0.776042 0.403320 0.776042 0.588867 0.669271 0.588867
5 0.707682 0.521484 0.844401 0.521484 0.844401 0.700684 0.707682 0.700684
5 0.579427 0.611816 0.809896 0.611816 0.809896 0.711426 0.579427 0.711426
5 0.116536 0.498535 0.261068 0.498535 0.261068 0.670898 0.116536 0.670898
5 0.059896 0.533203 0.242188 0.533203 0.242188 0.705078 0.059896 0.705078
5 0.438151 0.704102 0.655599 0.704102 0.655599 0.849609 0.438151 0.849609
5 0.326823 0.713379 0.505208 0.713379 0.505208 0.857910 0.326823 0.857910
5 0.234375 0.704590 0.414062 0.704590 0.414062 0.825195 0.234375 0.825195
5 0.421875 0.814941 0.626953 0.814941 0.626953 0.901367 0.421875 0.901367
5 0.356120 0.438477 0.451823 0.438477 0.451823 0.540527 0.356120 0.540527
5 0.328125 0.520508 0.409505 0.520508 0.409505 0.603027 0.328125 0.603027
5 0.192057 0.419922 0.260417 0.419922 0.260417 0.529297 0.192057 0.529297
5 0.420573 0.453125 0.658203 0.453125 0.658203 0.510254 0.420573 0.510254
5 0.462891 0.410645 0.550130 0.410645 0.550130 0.457520 0.462891 0.457520
5 0.514974 0.430176 0.696615 0.430176 0.696615 0.468262 0.514974 0.468262
5 0.703776 0.696289 0.906901 0.696289 0.906901 0.736816 0.703776 0.736816
5 0.361328 0.630859 0.440755 0.630859 0.440755 0.691406 0.361328 0.691406
5 0.274089 0.589355 0.368490 0.589355 0.368490 0.656250 0.274089 0.656250
5 0.191406 0.412109 0.704427 0.412109 0.704427 0.706055 0.191406 0.706055
