0 0.436849 0.299805 0.580078 0.299805 0.580078 0.418945 0.436849 0.418945
0 0.284505 0.347656 0.429688 0.347656 0.429688 0.487305 0.284505 0.487305
0 0.349609 0.435059 0.552083 0.435059 0.552083 0.583984 0.349609 0.583984
0 0.576823 0.496094 0.761719 0.496094 0.761719 0.639160 0.576823 0.639160
0 0.431641 0.564941 0.550130 0.564941 0.550130 0.638184 0.431641 0.638184
0 0.220052 0.737793 0.277344 0.737793 0.277344 0.781250 0.220052 0.781250
1 0.143229 0.303223 0.375000 0.303223 0.375000 0.599609 0.143229 0.599609
1 0.388021 0.273926 0.667969 0.273926 0.667969 0.383301 0.388021 0.383301
1 0.629557 0.368164 0.810547 0.368164 0.810547 0.541992 0.629557 0.541992
1 0.558594 0.535156 0.850260 0.535156 0.850260 0.776367 0.558594 0.776367
5 0.174479 0.558594 0.640625 0.558594 0.640625 0.842773 0.174479 0.842773
