0 0.215333 0.356000 0.486000 0.356000 0.486000 0.663333 0.215333 0.663333
0 0.194667 0.064667 0.460667 0.064667 0.460667 0.359333 0.194667 0.359333
0 0.326667 0.120000 0.564667 0.120000 0.564667 0.430667 0.326667 0.430667
2 0.122000 0.588667 0.228000 0.588667 0.228000 0.726667 0.122000 0.726667
2 0.061333 0.556667 0.182667 0.556667 0.182667 0.640667 0.061333 0.640667
2 0.034667 0.398667 0.182667 0.398667 0.182667 0.577333 0.034667 0.577333
2 0.044000 0.346000 0.178000 0.346000 0.178000 0.424000 0.044000 0.424000
2 0.158000 0.393333 0.244000 0.393333 0.244000 0.554000 0.158000 0.554000
2 0.589333 0.188667 0.667333 0.188667 0.667333 0.306667 0.589333 0.306667
2 0.482000 0.081333 0.588667 0.081333 0.588667 0.166667 0.482000 0.166667
2 0.104000 0.175333 0.210000 0.175333 0.210000 0.292667 0.104000 0.292667
2 0.061333 0.276667 0.140000 0.276667 0.140000 0.360667 0.061333 0.360667
2 0.138667 0.285333 0.183333 0.285333 0.183333 0.346667 0.138667 0.346667
5 0.459333 0.375333 0.704667 0.375333 0.704667 0.607333 0.459333 0.607333
5 0.624667 0.376667 0.862000 0.376667 0.862000 0.584000 0.624667 0.584000
5 0.578000 0.544000 0.779333 0.544000 0.779333 0.682667 0.578000 0.682667
5 0.325333 0.310000 1.000000 0.310000 1.000000 0.944000 0.325333 0.944000
5 0.634667 0.256000 0.814000 0.256000 0.814000 0.388667 0.634667 0.388667
