0 0.476667 0.157333 0.698000 0.157333 0.698000 0.295333 0.476667 0.295333
0 0.580667 0.252000 0.790667 0.252000 0.790667 0.360667 0.580667 0.360667
5 0.296000 0.476667 0.469333 0.476667 0.469333 0.632000 0.296000 0.632000
5 0.270000 0.245333 0.572667 0.245333 0.572667 0.424000 0.270000 0.424000
5 0.278000 0.126000 0.496667 0.126000 0.496667 0.254667 0.278000 0.254667
5 0.658000 0.548000 0.778000 0.548000 0.778000 0.718000 0.658000 0.718000
5 0.558667 0.532667 0.626667 0.532667 0.626667 0.628000 0.558667 0.628000
5 0.611333 0.407333 0.722000 0.407333 0.722000 0.499333 0.611333 0.499333
5 0.680000 0.352667 0.896667 0.352667 0.896667 0.557333 0.680000 0.557333
5 0.398667 0.380000 0.620667 0.380000 0.620667 0.522667 0.398667 0.522667
5 0.351333 0.441333 0.411333 0.441333 0.411333 0.514667 0.351333 0.514667
5 0.202667 0.288667 0.376000 0.288667 0.376000 0.462000 0.202667 0.462000
5 0.258667 0.412667 0.312667 0.412667 0.312667 0.512667 0.258667 0.512667
5 0.213333 0.430667 0.266667 0.430667 0.266667 0.516000 0.213333 0.516000
5 0.218000 0.535333 0.296667 0.535333 0.296667 0.577333 0.218000 0.577333
5 0.226667 0.578000 0.350000 0.578000 0.350000 0.636667 0.226667 0.636667
5 0.248000 0.650000 0.350667 0.650000 0.350667 0.694000 0.248000 0.694000
5 0.405333 0.624667 0.499333 0.624667 0.499333 0.732667 0.405333 0.732667
5 0.387333 0.514000 0.601333 0.514000 0.601333 0.752667 0.387333 0.752667
