0 0.457333 0.184000 0.576000 0.184000 0.576000 0.290000 0.457333 0.290000
0 0.612667 0.212000 0.700000 0.212000 0.700000 0.280000 0.612667 0.280000
0 0.430667 0.166667 0.508000 0.166667 0.508000 0.221333 0.430667 0.221333
0 0.491333 0.156667 0.597333 0.156667 0.597333 0.246000 0.491333 0.246000
0 0.596667 0.158000 0.692000 0.158000 0.692000 0.244000 0.596667 0.244000
0 0.654000 0.235333 0.750667 0.235333 0.750667 0.298667 0.654000 0.298667
0 0.504667 0.248667 0.603333 0.248667 0.603333 0.332667 0.504667 0.332667
0 0.648667 0.282000 0.770667 0.282000 0.770667 0.347333 0.648667 0.347333
0 0.079333 0.435333 0.256667 0.435333 0.256667 0.626000 0.079333 0.626000
0 0.343333 0.409333 0.514667 0.409333 0.514667 0.547333 0.343333 0.547333
0 0.218667 0.542000 0.377333 0.542000 0.377333 0.738000 0.218667 0.738000
0 0.362667 0.548667 0.532000 0.548667 0.532000 0.754000 0.362667 0.754000
1 0.155333 0.190667 0.504000 0.190667 0.504000 0.464667 0.155333 0.464667
5 0.484000 0.280000 0.860667 0.280000 0.860667 0.556000 0.484000 0.556000
5 0.077333 0.315333 0.185333 0.315333 0.185333 0.510667 0.077333 0.510667
5 0.666667 0.623333 0.790000 0.623333 0.790000 0.698667 0.666667 0.698667
