0 0.654297 0.509766 0.837240 0.509766 0.837240 0.639648 0.654297 0.639648
0 0.480469 0.347168 0.593099 0.347168 0.593099 0.462891 0.480469 0.462891
0 0.816406 0.535156 0.960286 0.535156 0.960286 0.631348 0.816406 0.631348
0 0.356120 0.431152 0.511068 0.431152 0.511068 0.564453 0.356120 0.564453
0 0.220052 0.455566 0.362630 0.455566 0.362630 0.556641 0.220052 0.556641
0 0.083333 0.491699 0.220703 0.491699 0.220703 0.578125 0.083333 0.578125
0 0.088542 0.585938 0.218750 0.585938 0.218750 0.694336 0.088542 0.694336
0 0.204427 0.552246 0.332682 0.552246 0.332682 0.683105 0.204427 0.683105
0 0.324219 0.800781 0.514974 0.800781 0.514974 0.889160 0.324219 0.889160
0 0.278646 0.366211 0.366536 0.366211 0.366536 0.449707 0.278646 0.449707
0 0.360677 0.564453 0.465495 0.564453 0.465495 0.636230 0.360677 0.636230
0 0.184896 0.432129 0.273438 0.432129 0.273438 0.500000 0.184896 0.500000
0 0.277344 0.591309 0.356120 0.591309 0.356120 0.671387 0.277344 0.671387
0 0.205729 0.675293 0.352865 0.675293 0.352865 0.789062 0.205729 0.789062
1 0.117188 0.254395 0.784505 0.254395 0.784505 0.576660 0.117188 0.576660
4 0.592448 0.226074 0.835286 0.226074 0.835286 0.429688 0.592448 0.429688
4 0.748047 0.445801 1.000000 0.445801 1.000000 0.643066 0.748047 0.643066
4 0.809245 0.402344 1.000000 0.402344 1.000000 0.583008 0.809245 0.583008
