2 0.293333 0.227333 0.396667 0.227333 0.396667 0.364000 0.293333 0.364000
2 0.604000 0.167333 0.710667 0.167333 0.710667 0.304667 0.604000 0.304667
2 0.440000 0.416000 0.570667 0.416000 0.570667 0.551333 0.440000 0.551333
2 0.351333 0.630667 0.468000 0.630667 0.468000 0.760000 0.351333 0.760000
2 0.726000 0.392000 0.849333 0.392000 0.849333 0.534000 0.726000 0.534000
0 0.156000 0.413333 0.258667 0.413333 0.258667 0.513333 0.156000 0.513333
0 0.273333 0.153333 0.362667 0.153333 0.362667 0.244667 0.273333 0.244667
0 0.533333 0.138667 0.623333 0.138667 0.623333 0.250667 0.533333 0.250667
0 0.374000 0.233333 0.434000 0.233333 0.434000 0.277333 0.374000 0.277333
0 0.546667 0.265333 0.638667 0.265333 0.638667 0.346000 0.546667 0.346000
0 0.610667 0.366000 0.706667 0.366000 0.706667 0.496000 0.610667 0.496000
0 0.390000 0.537333 0.492000 0.537333 0.492000 0.628667 0.390000 0.628667
0 0.547333 0.574667 0.664667 0.574667 0.664667 0.640667 0.547333 0.640667
0 0.409333 0.672000 0.520000 0.672000 0.520000 0.817333 0.409333 0.817333
0 0.566000 0.719333 0.666000 0.719333 0.666000 0.808000 0.566000 0.808000
5 0.102667 0.264667 0.257333 0.264667 0.257333 0.409333 0.102667 0.409333
5 0.064000 0.402000 0.180667 0.402000 0.180667 0.563333 0.064000 0.563333
5 0.077333 0.560000 0.262667 0.560000 0.262667 0.798667 0.077333 0.798667
5 0.256000 0.441333 0.405333 0.441333 0.405333 0.683333 0.256000 0.683333
5 0.438667 0.313333 0.711333 0.313333 0.711333 0.624000 0.438667 0.624000
5 0.660667 0.153333 0.815333 0.153333 0.815333 0.233333 0.660667 0.233333
5 0.770667 0.197333 0.924667 0.197333 0.924667 0.452667 0.770667 0.452667
5 0.327333 0.032000 0.737333 0.032000 0.737333 0.180000 0.327333 0.180000
5 0.689333 0.553333 0.847333 0.553333 0.847333 0.643333 0.689333 0.643333
5 0.471333 0.640667 0.754667 0.640667 0.754667 0.905333 0.471333 0.905333
5 0.736667 0.616000 0.836667 0.616000 0.836667 0.693333 0.736667 0.693333
5 0.504000 0.304667 0.587333 0.304667 0.587333 0.374000 0.504000 0.374000
5 0.450667 0.251333 0.538000 0.251333 0.538000 0.331333 0.450667 0.331333
5 0.421333 0.148667 0.485333 0.148667 0.485333 0.222000 0.421333 0.222000
5 0.484667 0.144000 0.547333 0.144000 0.547333 0.196000 0.484667 0.196000
5 0.170000 0.542667 0.250000 0.542667 0.250000 0.618000 0.170000 0.618000
5 0.297333 0.681333 0.356000 0.681333 0.356000 0.756667 0.297333 0.756667
5 0.250667 0.712000 0.258667 0.712000 0.258667 0.741333 0.250667 0.741333
5 0.242667 0.700000 0.305333 0.700000 0.305333 0.776667 0.242667 0.776667
5 0.396667 0.789333 0.531333 0.789333 0.531333 0.866000 0.396667 0.866000
5 0.706667 0.703333 0.852667 0.703333 0.852667 0.804667 0.706667 0.804667
5 0.471333 0.640667 0.788667 0.640667 0.788667 0.795333 0.471333 0.795333
5 0.457333 0.327333 0.646667 0.327333 0.646667 0.511333 0.457333 0.511333
5 0.063333 0.062667 0.922667 0.062667 0.922667 0.920000 0.063333 0.920000
