5 0.615575 0.503968 0.697421 0.503968 0.697421 0.574074 0.615575 0.574074
5 0.516121 0.649802 0.602927 0.649802 0.602927 0.773479 0.516121 0.773479
5 0.398810 0.571759 0.467212 0.571759 0.467212 0.701058 0.398810 0.701058
0 0.429067 0.313823 0.547619 0.313823 0.547619 0.439484 0.429067 0.439484
5 0.602679 0.573413 0.644097 0.573413 0.644097 0.656746 0.602679 0.656746
5 0.641121 0.555886 0.682540 0.555886 0.682540 0.600198 0.641121 0.600198
5 0.620536 0.472222 0.675843 0.472222 0.675843 0.534392 0.620536 0.534392
5 0.459821 0.597884 0.546627 0.597884 0.546627 0.727513 0.459821 0.727513
5 0.523065 0.595569 0.701885 0.595569 0.701885 0.791336 0.523065 0.791336
0 0.475694 0.191138 0.531002 0.191138 0.531002 0.271825 0.475694 0.271825
5 0.554315 0.482474 0.597470 0.482474 0.597470 0.541005 0.554315 0.541005
