0 0.366319 0.326058 0.420883 0.326058 0.420883 0.384590 0.366319 0.384590
0 0.482143 0.268188 0.525546 0.268188 0.525546 0.340608 0.482143 0.340608
0 0.445188 0.343254 0.511409 0.343254 0.511409 0.368717 0.445188 0.368717
0 0.479911 0.342593 0.516369 0.342593 0.516369 0.396495 0.479911 0.396495
0 0.596974 0.300595 0.629712 0.300595 0.629712 0.338624 0.596974 0.338624
0 0.570933 0.377646 0.601190 0.377646 0.601190 0.418651 0.570933 0.418651
0 0.536210 0.360780 0.563244 0.360780 0.563244 0.400463 0.536210 0.400463
2 0.640377 0.476852 0.706597 0.476852 0.706597 0.660053 0.640377 0.660053
0 0.420387 0.381283 0.445933 0.381283 0.445933 0.415675 0.420387 0.415675
0 0.314732 0.445437 0.349454 0.445437 0.349454 0.475529 0.314732 0.475529
0 0.357391 0.431548 0.391121 0.431548 0.391121 0.480159 0.357391 0.480159
0 0.366071 0.485780 0.535714 0.485780 0.535714 0.657077 0.366071 0.657077
0 0.451637 0.484458 0.538690 0.484458 0.538690 0.544974 0.451637 0.544974
2 0.290179 0.213955 0.721726 0.213955 0.721726 0.785384 0.290179 0.785384
0 0.389633 0.403439 0.419643 0.403439 0.419643 0.428902 0.389633 0.428902
2 0.356895 0.533730 0.445685 0.533730 0.445685 0.686177 0.356895 0.686177
5 0.555060 0.546627 0.642113 0.546627 0.642113 0.760251 0.555060 0.760251
2 0.450397 0.632937 0.556796 0.632937 0.556796 0.754630 0.450397 0.754630
0 0.524306 0.391534 0.543651 0.391534 0.543651 0.435847 0.524306 0.435847
0 0.546875 0.407077 0.574901 0.407077 0.574901 0.448743 0.546875 0.448743
