2 0.583829 0.326389 0.689484 0.326389 0.689484 0.505622 0.583829 0.505622
2 0.305060 0.196098 0.720982 0.196098 0.720982 0.793651 0.305060 0.793651
0 0.452877 0.422619 0.537450 0.422619 0.537450 0.503638 0.452877 0.503638
0 0.528026 0.498347 0.570437 0.498347 0.570437 0.582341 0.528026 0.582341
0 0.531250 0.594577 0.577133 0.594577 0.577133 0.655754 0.531250 0.655754
0 0.339534 0.386574 0.420139 0.386574 0.420139 0.582672 0.339534 0.582672
0 0.422867 0.508267 0.458829 0.508267 0.458829 0.569444 0.422867 0.569444
0 0.422619 0.311177 0.523313 0.311177 0.523313 0.412037 0.422619 0.412037
2 0.327133 0.562831 0.426339 0.562831 0.426339 0.663029 0.327133 0.663029
2 0.565724 0.510913 0.637649 0.510913 0.637649 0.563161 0.565724 0.563161
2 0.524058 0.272817 0.546379 0.272817 0.546379 0.393188 0.524058 0.393188
2 0.622768 0.557870 0.667411 0.557870 0.667411 0.658730 0.622768 0.658730
2 0.505952 0.196759 0.597966 0.196759 0.597966 0.288360 0.505952 0.288360
5 0.572421 0.231481 0.656498 0.231481 0.656498 0.313161 0.572421 0.313161
5 0.404266 0.260582 0.484375 0.260582 0.484375 0.361442 0.404266 0.361442
5 0.488591 0.577050 0.523065 0.577050 0.523065 0.700728 0.488591 0.700728
0 0.459077 0.480159 0.486607 0.480159 0.486607 0.526124 0.459077 0.526124
0 0.413938 0.422619 0.437996 0.422619 0.437996 0.463624 0.413938 0.463624
0 0.562004 0.473214 0.599950 0.473214 0.599950 0.515212 0.562004 0.515212
0 0.522321 0.420635 0.553323 0.420635 0.553323 0.457672 0.522321 0.457672
0 0.585069 0.355489 0.613591 0.355489 0.613591 0.386574 0.585069 0.386574
0 0.598214 0.315146 0.627976 0.315146 0.627976 0.351521 0.598214 0.351521
