0 0.535384 0.551587 0.788690 0.551587 0.788690 0.681796 0.535384 0.681796
5 0.664683 0.195685 0.803241 0.195685 0.803241 0.496528 0.664683 0.496528
5 0.681217 0.383929 0.776786 0.383929 0.776786 0.499752 0.681217 0.499752
5 0.770503 0.350198 0.885251 0.350198 0.885251 0.574405 0.770503 0.574405
0 0.535053 0.565476 0.708003 0.565476 0.708003 0.681548 0.535053 0.681548
0 0.293651 0.555804 0.341931 0.555804 0.341931 0.656498 0.293651 0.656498
0 0.646495 0.434028 0.698743 0.434028 0.698743 0.555060 0.646495 0.555060
0 0.267857 0.327381 0.740079 0.327381 0.740079 0.700149 0.267857 0.700149
0 0.429894 0.413442 0.477844 0.413442 0.477844 0.495536 0.429894 0.495536
0 0.390873 0.491071 0.570106 0.491071 0.570106 0.697917 0.390873 0.697917
5 0.320437 0.199901 0.747354 0.199901 0.747354 0.405258 0.320437 0.405258
