0 0.220238 0.417163 0.289021 0.417163 0.289021 0.478919 0.220238 0.478919
0 0.230489 0.565972 0.400463 0.565972 0.400463 0.677579 0.230489 0.677579
0 0.672288 0.314980 0.772817 0.314980 0.772817 0.410962 0.672288 0.410962
0 0.187831 0.280258 0.428571 0.280258 0.428571 0.593006 0.187831 0.593006
0 0.343915 0.295883 0.425926 0.295883 0.425926 0.366319 0.343915 0.366319
0 0.292659 0.362351 0.392526 0.362351 0.392526 0.403770 0.292659 0.403770
0 0.200728 0.482639 0.283069 0.482639 0.283069 0.548363 0.200728 0.548363
0 0.187169 0.371776 0.249339 0.371776 0.249339 0.435516 0.187169 0.435516
0 0.187831 0.438988 0.234458 0.438988 0.234458 0.497024 0.187831 0.497024
0 0.219907 0.318700 0.284061 0.318700 0.284061 0.375992 0.219907 0.375992
0 0.266865 0.308036 0.339286 0.308036 0.339286 0.353175 0.266865 0.353175
0 0.253307 0.385665 0.350198 0.385665 0.350198 0.451885 0.253307 0.451885
0 0.278108 0.478671 0.347553 0.478671 0.347553 0.539187 0.278108 0.539187
0 0.210979 0.548611 0.300926 0.548611 0.300926 0.593998 0.210979 0.593998
5 0.375000 0.183780 0.686839 0.183780 0.686839 0.339038 0.375000 0.339038
1 0.340278 0.313492 0.801918 0.313492 0.801918 0.692460 0.340278 0.692460
5 0.499669 0.259425 0.591931 0.259425 0.591931 0.295883 0.499669 0.295883
5 0.414352 0.252728 0.501653 0.252728 0.501653 0.322421 0.414352 0.322421
5 0.375992 0.204365 0.469907 0.204365 0.469907 0.284722 0.375992 0.284722
5 0.544312 0.183036 0.594907 0.183036 0.594907 0.262153 0.544312 0.262153
5 0.612103 0.279018 0.690807 0.279018 0.690807 0.340030 0.612103 0.340030
5 0.467923 0.201637 0.547950 0.201637 0.547950 0.257192 0.467923 0.257192
