0 0.256311 0.286387 0.522816 0.286387 0.522816 0.523037 0.256311 0.523037
0 0.058738 0.063351 0.906796 0.063351 0.906796 0.900524 0.058738 0.900524
4 0.426699 0.005759 0.621359 0.005759 0.621359 0.123560 0.426699 0.123560
4 0.679126 0.115183 1.000000 0.115183 1.000000 0.182723 0.679126 0.182723
0 0.344660 0.222513 0.483495 0.222513 0.483495 0.296335 0.344660 0.296335
0 0.406796 0.083246 0.682524 0.083246 0.682524 0.305759 0.406796 0.305759
0 0.144660 0.514660 0.499515 0.514660 0.499515 0.903665 0.144660 0.903665
0 0.568447 0.247644 0.907282 0.247644 0.907282 0.558115 0.568447 0.558115
0 0.480583 0.547120 0.717476 0.547120 0.717476 0.757068 0.480583 0.757068
0 0.058252 0.258115 0.342233 0.258115 0.342233 0.552880 0.058252 0.552880
