0 0.601190 0.483135 0.644345 0.483135 0.644345 0.598214 0.601190 0.598214
0 0.436260 0.260582 0.598214 0.260582 0.598214 0.342923 0.436260 0.342923
1 0.236607 0.341601 0.529266 0.341601 0.529266 0.745040 0.236607 0.745040
5 0.327381 0.193122 0.506696 0.193122 0.506696 0.341270 0.327381 0.341270
5 0.644345 0.523148 0.673611 0.523148 0.673611 0.636243 0.644345 0.636243
5 0.677083 0.557209 0.718502 0.557209 0.718502 0.638889 0.677083 0.638889
6 0.701141 0.000000 0.859375 0.000000 0.859375 0.176587 0.701141 0.176587
5 0.461310 0.335317 0.546131 0.335317 0.546131 0.375992 0.461310 0.375992
5 0.520337 0.528439 0.554315 0.528439 0.554315 0.557209 0.520337 0.557209
0 0.664683 0.420304 0.726438 0.420304 0.726438 0.475860 0.664683 0.475860
0 0.545635 0.329365 0.630456 0.329365 0.630456 0.385913 0.545635 0.385913
0 0.508681 0.379299 0.589286 0.379299 0.589286 0.457341 0.508681 0.457341
0 0.581845 0.600860 0.628224 0.600860 0.628224 0.670966 0.581845 0.670966
0 0.712302 0.564153 0.768601 0.564153 0.768601 0.676587 0.712302 0.676587
0 0.708581 0.507275 0.745784 0.507275 0.745784 0.579365 0.708581 0.579365
0 0.661954 0.499339 0.710317 0.499339 0.710317 0.591270 0.661954 0.591270
0 0.638641 0.470238 0.714038 0.470238 0.714038 0.511574 0.638641 0.511574
0 0.620784 0.616733 0.729415 0.616733 0.729415 0.716601 0.620784 0.716601
5 0.644345 0.274802 0.949157 0.274802 0.949157 0.770172 0.644345 0.770172
5 0.596726 0.366402 0.685020 0.366402 0.685020 0.415675 0.596726 0.415675
5 0.552083 0.453704 0.596478 0.453704 0.596478 0.592593 0.552083 0.592593
5 0.546379 0.384259 0.601687 0.384259 0.601687 0.492725 0.546379 0.492725
5 0.588294 0.410384 0.660218 0.410384 0.660218 0.523148 0.588294 0.523148
5 0.508681 0.575066 0.570188 0.575066 0.570188 0.664683 0.508681 0.664683
