0 0.351978 0.244430 0.457708 0.244430 0.457708 0.345347 0.351978 0.345347
0 0.286494 0.269332 0.393588 0.269332 0.393588 0.340105 0.286494 0.340105
0 0.220327 0.699869 0.343793 0.699869 0.343793 0.788991 0.220327 0.788991
5 0.454980 0.412189 0.570941 0.412189 0.570941 0.491481 0.454980 0.491481
0 0.534789 0.330275 0.615962 0.330275 0.615962 0.437746 0.534789 0.437746
0 0.547067 0.188073 0.703274 0.188073 0.703274 0.273919 0.547067 0.273919
0 0.050477 0.313237 0.367667 0.313237 0.367667 0.553080 0.050477 0.553080
0 0.339700 0.414810 0.570259 0.414810 0.570259 0.760813 0.339700 0.760813
0 0.444065 0.754915 0.555252 0.754915 0.555252 0.865007 0.444065 0.865007
0 0.625512 0.344037 0.719645 0.344037 0.719645 0.425295 0.625512 0.425295
0 0.732606 0.245740 0.839700 0.245740 0.839700 0.324377 0.732606 0.324377
0 0.243520 0.154653 0.371760 0.154653 0.371760 0.315203 0.243520 0.315203
0 0.459072 0.218218 0.544338 0.218218 0.544338 0.293578 0.459072 0.293578
0 0.430423 0.277195 0.531378 0.277195 0.531378 0.362385 0.430423 0.362385
0 0.503411 0.163827 0.592087 0.163827 0.592087 0.232634 0.503411 0.232634
0 0.665075 0.422018 0.766030 0.422018 0.766030 0.503932 0.665075 0.503932
0 0.492497 0.479685 0.584584 0.479685 0.584584 0.558322 0.492497 0.558322
0 0.482947 0.543250 0.581855 0.543250 0.581855 0.636304 0.482947 0.636304
0 0.626876 0.534076 0.819236 0.534076 0.819236 0.666448 0.626876 0.666448
