4 0.294147 0.076389 0.340774 0.076389 0.340774 0.884259 0.294147 0.884259
0 0.343998 0.224868 0.472966 0.224868 0.472966 0.384921 0.343998 0.384921
0 0.467262 0.202050 0.600942 0.202050 0.600942 0.350529 0.467262 0.350529
0 0.449157 0.583333 0.577629 0.583333 0.577629 0.681217 0.449157 0.681217
0 0.530506 0.580026 0.637649 0.580026 0.637649 0.699735 0.530506 0.699735
0 0.334325 0.576720 0.429812 0.576720 0.429812 0.688492 0.334325 0.688492
0 0.336062 0.457672 0.429067 0.457672 0.429067 0.557540 0.336062 0.557540
0 0.400050 0.558862 0.544891 0.558862 0.544891 0.628307 0.400050 0.628307
5 0.390625 0.366733 0.564236 0.366733 0.564236 0.576389 0.390625 0.576389
1 0.440228 0.316138 0.577133 0.316138 0.577133 0.456019 0.440228 0.456019
4 0.631200 0.335979 0.702877 0.335979 0.702877 0.959325 0.631200 0.959325
