0 0.430556 0.265625 0.655556 0.265625 0.655556 0.387500 0.430556 0.387500
0 0.243056 0.323958 0.463889 0.323958 0.463889 0.479167 0.243056 0.479167
0 0.459722 0.382292 0.565278 0.382292 0.565278 0.468750 0.459722 0.468750
0 0.493056 0.430208 0.651389 0.430208 0.651389 0.561458 0.493056 0.561458
3 0.163889 0.203125 0.786111 0.203125 0.786111 0.671875 0.163889 0.671875
4 0.793056 0.315625 0.975000 0.315625 0.975000 0.871875 0.793056 0.871875
4 0.769444 0.475000 0.869444 0.475000 0.869444 0.880208 0.769444 0.880208
4 0.091667 0.391667 0.155556 0.391667 0.155556 0.544792 0.091667 0.544792
4 0.115278 0.691667 0.201389 0.691667 0.201389 0.945833 0.115278 0.945833
4 0.770833 0.315625 0.975000 0.315625 0.975000 0.881250 0.770833 0.881250
