0 0.781333 0.258000 0.843333 0.258000 0.843333 0.312000 0.781333 0.312000
0 0.436667 0.794000 0.670000 0.794000 0.670000 0.938000 0.436667 0.938000
0 0.454000 0.748000 0.782000 0.748000 0.782000 0.868000 0.454000 0.868000
0 0.461333 0.646667 0.820667 0.646667 0.820667 0.792000 0.461333 0.792000
0 0.506000 0.611333 0.856667 0.611333 0.856667 0.720667 0.506000 0.720667
0 0.526667 0.526667 0.863333 0.526667 0.863333 0.639333 0.526667 0.639333
0 0.521333 0.444667 0.876667 0.444667 0.876667 0.545333 0.521333 0.545333
0 0.538000 0.360000 0.878667 0.360000 0.878667 0.451333 0.538000 0.451333
0 0.526000 0.190000 0.868667 0.190000 0.868667 0.363333 0.526000 0.363333
0 0.398000 0.529333 0.552667 0.529333 0.552667 0.700000 0.398000 0.700000
0 0.389333 0.468000 0.524667 0.468000 0.524667 0.557333 0.389333 0.557333
0 0.436000 0.408000 0.542000 0.408000 0.542000 0.474667 0.436000 0.474667
0 0.846667 0.296667 0.904000 0.296667 0.904000 0.367333 0.846667 0.367333
5 0.314667 0.305333 0.520000 0.305333 0.520000 0.788000 0.314667 0.788000
5 0.130000 0.496000 0.203333 0.496000 0.203333 0.714000 0.130000 0.714000
5 0.057333 0.399333 0.116000 0.399333 0.116000 0.714667 0.057333 0.714667
5 0.000000 0.508667 0.051333 0.508667 0.051333 0.726000 0.000000 0.726000
5 0.231333 0.157333 0.444667 0.157333 0.444667 0.238000 0.231333 0.238000
5 0.000000 0.226000 0.230667 0.226000 0.230667 0.334000 0.000000 0.334000
5 0.095333 0.164000 0.284000 0.164000 0.284000 0.357333 0.095333 0.357333
5 0.256667 0.234000 0.428667 0.234000 0.428667 0.308667 0.256667 0.308667
5 0.006000 0.000000 0.386000 0.000000 0.386000 0.096667 0.006000 0.096667
5 0.000000 0.096000 0.099333 0.096000 0.099333 0.290667 0.000000 0.290667
5 0.169333 0.020000 0.358667 0.020000 0.358667 0.172000 0.169333 0.172000
5 0.052667 0.082000 0.214000 0.082000 0.214000 0.172000 0.052667 0.172000
5 0.006000 0.000000 0.197333 0.000000 0.197333 0.096667 0.006000 0.096667
5 0.000000 0.719333 0.338667 0.719333 0.338667 0.979333 0.000000 0.979333
