5 0.560667 0.090667 0.878000 0.090667 0.878000 0.355333 0.560667 0.355333
5 0.615333 0.166000 0.983333 0.166000 0.983333 0.373333 0.615333 0.373333
5 0.674000 0.272000 0.950000 0.272000 0.950000 0.385333 0.674000 0.385333
5 0.117333 0.098000 0.386667 0.098000 0.386667 0.382000 0.117333 0.382000
5 0.352000 0.131333 0.488667 0.131333 0.488667 0.236667 0.352000 0.236667
5 0.322667 0.000000 0.534667 0.000000 0.534667 0.238667 0.322667 0.238667
5 0.533333 0.035333 0.668000 0.035333 0.668000 0.092000 0.533333 0.092000
5 0.468000 0.073333 0.696000 0.073333 0.696000 0.278667 0.468000 0.278667
5 0.014000 0.310667 0.292667 0.310667 0.292667 0.538000 0.014000 0.538000
5 0.016667 0.438000 0.226000 0.438000 0.226000 0.544667 0.016667 0.544667
5 0.078667 0.540000 0.290000 0.540000 0.290000 0.663333 0.078667 0.663333
5 0.030000 0.648667 0.151333 0.648667 0.151333 0.736000 0.030000 0.736000
5 0.119333 0.579333 0.273333 0.579333 0.273333 0.779333 0.119333 0.779333
5 0.153333 0.604000 0.304000 0.604000 0.304000 0.808000 0.153333 0.808000
5 0.200667 0.656667 0.396667 0.656667 0.396667 0.855333 0.200667 0.855333
5 0.359333 0.751333 0.481333 0.751333 0.481333 0.988000 0.359333 0.988000
5 0.330000 0.703333 0.420667 0.703333 0.420667 0.902000 0.330000 0.902000
5 0.281333 0.734667 0.372667 0.734667 0.372667 0.907333 0.281333 0.907333
5 0.200667 0.655333 0.397333 0.655333 0.397333 0.854667 0.200667 0.854667
5 0.532667 0.779333 0.656000 0.779333 0.656000 0.941333 0.532667 0.941333
5 0.654000 0.778000 0.772000 0.778000 0.772000 0.930667 0.654000 0.930667
5 0.718000 0.722667 0.868667 0.722667 0.868667 0.862000 0.718000 0.862000
5 0.815333 0.606667 0.940000 0.606667 0.940000 0.769333 0.815333 0.769333
5 0.736667 0.579333 0.845333 0.579333 0.845333 0.724667 0.736667 0.724667
5 0.652667 0.388000 0.695333 0.388000 0.695333 0.410000 0.652667 0.410000
5 0.699333 0.366000 1.000000 0.366000 1.000000 0.424000 0.699333 0.424000
5 0.653333 0.403333 1.000000 0.403333 1.000000 0.471333 0.653333 0.471333
5 0.676667 0.444667 0.968667 0.444667 0.968667 0.482667 0.676667 0.482667
5 0.676667 0.471333 1.000000 0.471333 1.000000 0.542667 0.676667 0.542667
5 0.821333 0.524667 0.998000 0.524667 0.998000 0.607333 0.821333 0.607333
5 0.820000 0.542000 1.000000 0.542000 1.000000 0.608000 0.820000 0.608000
5 0.650667 0.394667 0.682667 0.394667 0.682667 0.410667 0.650667 0.410667
5 0.653333 0.368000 1.000000 0.368000 1.000000 0.628000 0.653333 0.628000
5 0.322000 0.400000 0.388000 0.400000 0.388000 0.444000 0.322000 0.444000
5 0.413333 0.472667 0.496667 0.472667 0.496667 0.523333 0.413333 0.523333
5 0.455333 0.557333 0.489333 0.557333 0.489333 0.597333 0.455333 0.597333
5 0.262667 0.220000 0.565333 0.220000 0.565333 0.414000 0.262667 0.414000
5 0.582000 0.362667 0.682667 0.362667 0.682667 0.527333 0.582000 0.527333
5 0.616000 0.481333 0.821333 0.481333 0.821333 0.622000 0.616000 0.622000
5 0.292667 0.480000 0.568667 0.480000 0.568667 0.781333 0.292667 0.781333
5 0.250667 0.316667 0.746000 0.316667 0.746000 0.738000 0.250667 0.738000
