0 0.573333 0.262667 0.702000 0.262667 0.702000 0.488000 0.573333 0.488000
0 0.134667 0.568667 0.267333 0.568667 0.267333 0.733333 0.134667 0.733333
0 0.027333 0.248000 0.243333 0.248000 0.243333 0.443333 0.027333 0.443333
0 0.164667 0.134000 0.335333 0.134000 0.335333 0.287333 0.164667 0.287333
0 0.323333 0.075333 0.491333 0.075333 0.491333 0.270667 0.323333 0.270667
0 0.292000 0.258000 0.461333 0.258000 0.461333 0.347333 0.292000 0.347333
0 0.449333 0.200000 0.563333 0.200000 0.563333 0.354667 0.449333 0.354667
0 0.560000 0.205333 0.811333 0.205333 0.811333 0.369333 0.560000 0.369333
0 0.701333 0.325333 0.804667 0.325333 0.804667 0.488000 0.701333 0.488000
0 0.614667 0.478667 0.712667 0.478667 0.712667 0.530667 0.614667 0.530667
0 0.692000 0.399333 0.815333 0.399333 0.815333 0.584000 0.692000 0.584000
1 0.170667 0.329333 0.632000 0.329333 0.632000 0.819333 0.170667 0.819333
1 0.722667 0.306667 1.000000 0.306667 1.000000 0.830667 0.722667 0.830667
1 0.034667 0.478667 0.294667 0.478667 0.294667 0.800667 0.034667 0.800667
