0 0.537500 0.308750 0.988750 0.308750 0.988750 0.460000 0.537500 0.460000
0 0.052500 0.296250 0.570000 0.296250 0.570000 0.551250 0.052500 0.551250
0 0.022500 0.526250 0.366250 0.526250 0.366250 0.682500 0.022500 0.682500
0 0.407500 0.700000 0.593750 0.700000 0.593750 0.858750 0.407500 0.858750
0 0.200000 0.148750 0.468750 0.148750 0.468750 0.293750 0.200000 0.293750
5 0.492500 0.442500 0.695000 0.442500 0.695000 0.791250 0.492500 0.791250
5 0.442500 0.136250 0.760000 0.136250 0.760000 0.331250 0.442500 0.331250
5 0.352500 0.440000 0.696250 0.440000 0.696250 0.790000 0.352500 0.790000
5 0.128750 0.720000 0.312500 0.720000 0.312500 0.862500 0.128750 0.862500
5 0.302500 0.762500 0.458750 0.762500 0.458750 0.900000 0.302500 0.900000
5 0.188750 0.603750 0.383750 0.603750 0.383750 0.767500 0.188750 0.767500
5 0.246250 0.210000 0.398750 0.210000 0.398750 0.386250 0.246250 0.386250
5 0.727500 0.438750 0.933750 0.438750 0.933750 0.587500 0.727500 0.587500
