0 0.328125 0.310059 0.557943 0.310059 0.557943 0.563477 0.328125 0.563477
0 0.214193 0.361816 0.370443 0.361816 0.370443 0.528809 0.214193 0.528809
0 0.597005 0.299805 0.716797 0.299805 0.716797 0.395996 0.597005 0.395996
0 0.455078 0.305664 0.663411 0.305664 0.663411 0.421875 0.455078 0.421875
0 0.169271 0.402344 0.264974 0.402344 0.264974 0.571289 0.169271 0.571289
5 0.775391 0.481934 0.873698 0.481934 0.873698 0.771973 0.775391 0.771973
5 0.427734 0.600586 0.736979 0.600586 0.736979 0.806641 0.427734 0.806641
5 0.482422 0.630371 0.782552 0.630371 0.782552 0.852539 0.482422 0.852539
5 0.118490 0.502441 0.583333 0.502441 0.583333 0.812012 0.118490 0.812012
5 0.383464 0.475586 0.692057 0.475586 0.692057 0.630371 0.383464 0.630371
