0 0.450980 0.369676 0.988562 0.369676 0.988562 0.967632 0.450980 0.967632
1 0.099673 0.439523 0.535948 0.439523 0.535948 0.969336 0.099673 0.969336
5 0.000000 0.000000 0.529412 0.000000 0.529412 0.742760 0.000000 0.742760
5 0.575163 0.218058 0.988562 0.218058 0.988562 0.487223 0.575163 0.487223
5 0.763072 0.110733 0.812092 0.110733 0.812092 0.141397 0.763072 0.141397
5 0.571895 0.258944 0.910131 0.258944 0.910131 0.432709 0.571895 0.432709
5 0.831699 0.211244 0.990196 0.211244 0.990196 0.487223 0.831699 0.487223
5 0.509804 0.212947 0.838235 0.212947 0.838235 0.366269 0.509804 0.366269
5 0.431373 0.112436 0.785948 0.112436 0.785948 0.231687 0.431373 0.231687
5 0.369281 0.015332 0.718954 0.015332 0.718954 0.127768 0.369281 0.127768
