0 0.456062 0.328386 0.571746 0.328386 0.571746 0.502783 0.456062 0.502783
0 0.378198 0.371058 0.489433 0.371058 0.489433 0.564007 0.378198 0.564007
0 0.460512 0.502783 0.567297 0.502783 0.567297 0.623377 0.460512 0.623377
1 0.167964 0.324675 0.355951 0.324675 0.355951 0.506494 0.167964 0.506494
1 0.260289 0.471243 0.431591 0.471243 0.431591 0.705009 0.260289 0.705009
1 0.608454 0.439703 0.784205 0.439703 0.784205 0.664193 0.608454 0.664193
1 0.325918 0.163265 0.503893 0.163265 0.503893 0.337662 0.325918 0.337662
5 0.609566 0.339518 0.754171 0.339518 0.754171 0.435993 0.609566 0.435993
5 0.486096 0.243043 0.607341 0.243043 0.607341 0.411874 0.486096 0.411874
5 0.467186 0.662338 0.592881 0.662338 0.592881 0.833024 0.467186 0.833024
5 0.750834 0.628942 0.775306 0.628942 0.775306 0.686456 0.750834 0.686456
5 0.159066 0.500928 0.561735 0.500928 0.561735 0.823748 0.159066 0.823748
5 0.600667 0.717996 0.739711 0.717996 0.739711 0.818182 0.600667 0.818182
6 0.192436 0.191095 0.350389 0.191095 0.350389 0.335807 0.192436 0.335807
6 0.477197 0.181818 0.724138 0.181818 0.724138 0.356215 0.477197 0.356215
6 0.691880 0.395176 0.790879 0.395176 0.790879 0.526902 0.691880 0.526902
