0 0.377500 0.282500 0.545000 0.282500 0.545000 0.495000 0.377500 0.495000
0 0.572500 0.340000 0.727500 0.340000 0.727500 0.467500 0.572500 0.467500
0 0.240000 0.332500 0.407500 0.332500 0.407500 0.565000 0.240000 0.565000
0 0.250000 0.567500 0.592500 0.567500 0.592500 0.752500 0.250000 0.752500
0 0.600000 0.452500 0.725000 0.452500 0.725000 0.642500 0.600000 0.642500
0 0.702500 0.395000 0.842500 0.395000 0.842500 0.530000 0.702500 0.530000
0 0.520000 0.395000 0.597500 0.395000 0.597500 0.560000 0.520000 0.560000
0 0.582500 0.592500 0.740000 0.592500 0.740000 0.712500 0.582500 0.712500
5 0.310000 0.150000 0.387500 0.150000 0.387500 0.272500 0.310000 0.272500
5 0.620000 0.122500 0.772500 0.122500 0.772500 0.237500 0.620000 0.237500
5 0.135000 0.167500 0.312500 0.167500 0.312500 0.485000 0.135000 0.485000
5 0.337500 0.750000 0.570000 0.750000 0.570000 0.900000 0.337500 0.900000
5 0.597500 0.700000 0.825000 0.700000 0.825000 0.865000 0.597500 0.865000
5 0.790000 0.367500 0.920000 0.367500 0.920000 0.722500 0.790000 0.722500
5 0.110000 0.520000 0.265000 0.520000 0.265000 0.795000 0.110000 0.795000
7 0.107500 0.095000 0.882500 0.095000 0.882500 0.885000 0.107500 0.885000
