1 0.212891 0.216797 0.470703 0.216797 0.470703 0.403809 0.212891 0.403809
1 0.477214 0.208008 0.755859 0.208008 0.755859 0.393066 0.477214 0.393066
1 0.180339 0.651367 0.557943 0.651367 0.557943 0.860352 0.180339 0.860352
1 0.516927 0.651855 0.835938 0.651855 0.835938 0.856445 0.516927 0.856445
1 0.223958 0.486328 0.501302 0.486328 0.501302 0.657715 0.223958 0.657715
1 0.486979 0.489746 0.767578 0.489746 0.767578 0.663086 0.486979 0.663086
1 0.209635 0.391602 0.521484 0.391602 0.521484 0.494629 0.209635 0.494629
1 0.516276 0.392578 0.767578 0.392578 0.767578 0.490234 0.516276 0.490234
1 0.181641 0.208984 0.833984 0.208984 0.833984 0.859375 0.181641 0.859375
4 0.623698 0.420410 0.864583 0.420410 0.864583 0.539062 0.623698 0.539062
