0 0.357422 0.141113 0.640625 0.141113 0.640625 0.440918 0.357422 0.440918
0 0.352214 0.054199 0.514323 0.054199 0.514323 0.220215 0.352214 0.220215
0 0.195964 0.270508 0.415365 0.270508 0.415365 0.447266 0.195964 0.447266
1 0.296875 0.435059 0.727214 0.435059 0.727214 0.771484 0.296875 0.771484
4 0.670573 0.419922 0.833333 0.419922 0.833333 0.940430 0.670573 0.940430
5 0.130208 0.438965 0.263672 0.438965 0.263672 0.585449 0.130208 0.585449
5 0.248698 0.516113 0.302734 0.516113 0.302734 0.703613 0.248698 0.703613
5 0.223958 0.182129 0.343099 0.182129 0.343099 0.275391 0.223958 0.275391
5 0.280599 0.157715 0.352865 0.157715 0.352865 0.226074 0.280599 0.226074
5 0.126953 0.281738 0.214193 0.281738 0.214193 0.394043 0.126953 0.394043
5 0.518880 0.063965 0.744141 0.063965 0.744141 0.349609 0.518880 0.349609
5 0.603516 0.353516 0.676432 0.353516 0.676432 0.412598 0.603516 0.412598
5 0.667969 0.351074 0.706380 0.351074 0.706380 0.425293 0.667969 0.425293
5 0.575521 0.417480 0.703776 0.417480 0.703776 0.440918 0.575521 0.440918
