1 0.188151 0.323242 0.294271 0.323242 0.294271 0.371582 0.188151 0.371582
1 0.464193 0.231934 0.550130 0.231934 0.550130 0.448730 0.464193 0.448730
1 0.447917 0.281250 0.517578 0.281250 0.517578 0.504395 0.447917 0.504395
1 0.632812 0.462402 0.687500 0.462402 0.687500 0.512207 0.632812 0.512207
1 0.138672 0.412598 0.382812 0.412598 0.382812 0.474121 0.138672 0.474121
1 0.157552 0.393066 0.378906 0.393066 0.378906 0.425781 0.157552 0.425781
1 0.290365 0.334961 0.444661 0.334961 0.444661 0.370605 0.290365 0.370605
1 0.223307 0.485840 0.327474 0.485840 0.327474 0.641113 0.223307 0.641113
1 0.513021 0.492188 0.554036 0.492188 0.554036 0.558105 0.513021 0.558105
1 0.372396 0.371094 0.430339 0.371094 0.430339 0.574219 0.372396 0.574219
1 0.284505 0.479492 0.489583 0.479492 0.489583 0.701172 0.284505 0.701172
1 0.290365 0.652832 0.489583 0.652832 0.489583 0.761230 0.290365 0.761230
1 0.327474 0.714844 0.590495 0.714844 0.590495 0.803711 0.327474 0.803711
1 0.485677 0.650391 0.552734 0.650391 0.552734 0.760742 0.485677 0.760742
1 0.516276 0.544922 0.635417 0.544922 0.635417 0.733887 0.516276 0.733887
1 0.493490 0.565430 0.610677 0.565430 0.610677 0.747070 0.493490 0.747070
1 0.432943 0.498535 0.513672 0.498535 0.513672 0.571289 0.432943 0.571289
1 0.420573 0.432129 0.467448 0.432129 0.467448 0.498047 0.420573 0.498047
1 0.419271 0.576172 0.489583 0.576172 0.489583 0.621582 0.419271 0.621582
1 0.439453 0.605957 0.514974 0.605957 0.514974 0.649414 0.439453 0.649414
1 0.279297 0.529785 0.330078 0.529785 0.330078 0.594727 0.279297 0.594727
1 0.311849 0.576660 0.382161 0.576660 0.382161 0.663574 0.311849 0.663574
1 0.383464 0.632324 0.447266 0.632324 0.447266 0.690918 0.383464 0.690918
1 0.333333 0.565430 0.394531 0.565430 0.394531 0.637207 0.333333 0.637207
5 0.188151 0.157227 0.460938 0.157227 0.460938 0.337891 0.188151 0.337891
5 0.602865 0.554688 0.796224 0.554688 0.796224 0.688477 0.602865 0.688477
5 0.652344 0.587402 0.869792 0.587402 0.869792 0.732422 0.652344 0.732422
5 0.602865 0.554199 0.826172 0.554199 0.826172 0.719727 0.602865 0.719727
