0 0.185547 0.409668 0.289714 0.409668 0.289714 0.464844 0.185547 0.464844
0 0.332031 0.329590 0.565104 0.329590 0.565104 0.394043 0.332031 0.394043
0 0.403646 0.398926 0.611979 0.398926 0.611979 0.465820 0.403646 0.465820
0 0.508464 0.528809 0.624349 0.528809 0.624349 0.582520 0.508464 0.582520
0 0.332682 0.552246 0.457031 0.552246 0.457031 0.636230 0.332682 0.636230
0 0.470052 0.586426 0.628255 0.586426 0.628255 0.649902 0.470052 0.649902
0 0.359375 0.649414 0.603516 0.649414 0.603516 0.758789 0.359375 0.758789
0 0.289062 0.469727 0.379557 0.469727 0.379557 0.508301 0.289062 0.508301
0 0.419271 0.445801 0.535807 0.445801 0.535807 0.498047 0.419271 0.498047
0 0.529297 0.458496 0.592448 0.458496 0.592448 0.521484 0.529297 0.521484
1 0.165365 0.375977 0.374349 0.375977 0.374349 0.627930 0.165365 0.627930
1 0.613932 0.518066 0.734375 0.518066 0.734375 0.655273 0.613932 0.655273
1 0.248698 0.616699 0.411458 0.616699 0.411458 0.726074 0.248698 0.726074
4 0.659505 0.360352 0.839193 0.360352 0.839193 0.864258 0.659505 0.864258
