0 0.406250 0.391602 0.559896 0.391602 0.559896 0.497559 0.406250 0.497559
0 0.255208 0.513672 0.507161 0.513672 0.507161 0.622559 0.255208 0.622559
0 0.406901 0.601562 0.532552 0.601562 0.532552 0.743164 0.406901 0.743164
0 0.546875 0.571289 0.651693 0.571289 0.651693 0.681641 0.546875 0.681641
0 0.643880 0.556152 0.783854 0.556152 0.783854 0.646973 0.643880 0.646973
0 0.660807 0.467773 0.770833 0.467773 0.770833 0.572754 0.660807 0.572754
0 0.539714 0.424805 0.651042 0.424805 0.651042 0.574707 0.539714 0.574707
0 0.533203 0.683594 0.652995 0.683594 0.652995 0.754395 0.533203 0.754395
0 0.632161 0.408691 0.733073 0.408691 0.733073 0.476074 0.632161 0.476074
1 0.192708 0.341797 0.498047 0.341797 0.498047 0.758789 0.192708 0.758789
1 0.518229 0.305176 0.696615 0.305176 0.696615 0.437500 0.518229 0.437500
1 0.741536 0.450195 0.816406 0.450195 0.816406 0.616211 0.741536 0.616211
5 0.289714 0.419434 0.454427 0.419434 0.454427 0.520996 0.289714 0.520996
5 0.410156 0.299805 0.537760 0.299805 0.537760 0.398438 0.410156 0.398438
5 0.636719 0.625977 0.760417 0.625977 0.760417 0.707031 0.636719 0.707031
