0 0.241536 0.474121 0.379557 0.474121 0.379557 0.598145 0.241536 0.598145
0 0.278646 0.590332 0.432943 0.590332 0.432943 0.658203 0.278646 0.658203
0 0.332682 0.606445 0.662109 0.606445 0.662109 0.761230 0.332682 0.761230
0 0.423177 0.386719 0.560547 0.386719 0.560547 0.503906 0.423177 0.503906
0 0.411458 0.500488 0.612630 0.500488 0.612630 0.551758 0.411458 0.551758
0 0.525391 0.452637 0.668620 0.452637 0.668620 0.583008 0.525391 0.583008
0 0.655599 0.489258 0.747396 0.489258 0.747396 0.561523 0.655599 0.561523
0 0.645182 0.503418 0.802083 0.503418 0.802083 0.591797 0.645182 0.591797
0 0.483724 0.282715 0.637370 0.282715 0.637370 0.375000 0.483724 0.375000
0 0.660156 0.376953 0.850911 0.376953 0.850911 0.475586 0.660156 0.475586
1 0.130859 0.261719 0.502604 0.261719 0.502604 0.614258 0.130859 0.614258
1 0.488932 0.279297 0.722005 0.279297 0.722005 0.394043 0.488932 0.394043
1 0.623698 0.548340 0.839844 0.548340 0.839844 0.748047 0.623698 0.748047
1 0.300781 0.688477 0.701823 0.688477 0.701823 0.800781 0.300781 0.800781
5 0.147786 0.584961 0.276042 0.584961 0.276042 0.688477 0.147786 0.688477
5 0.345703 0.426270 0.444010 0.426270 0.444010 0.522949 0.345703 0.522949
5 0.368490 0.520508 0.536458 0.520508 0.536458 0.614746 0.368490 0.614746
