0 0.085286 0.270020 0.419922 0.270020 0.419922 0.756348 0.085286 0.756348
1 0.383464 0.351074 0.908854 0.351074 0.908854 0.812012 0.383464 0.812012
4 0.692708 0.213867 0.881510 0.213867 0.881510 0.483887 0.692708 0.483887
4 0.835286 0.344727 1.000000 0.344727 1.000000 0.542480 0.835286 0.542480
4 0.866536 0.479980 1.000000 0.479980 1.000000 0.728516 0.866536 0.728516
4 0.879557 0.593262 1.000000 0.593262 1.000000 1.000000 0.879557 1.000000
5 0.064453 0.424316 0.150391 0.424316 0.150391 0.573242 0.064453 0.573242
5 0.102865 0.405762 0.203776 0.405762 0.203776 0.618652 0.102865 0.618652
5 0.359375 0.376953 0.490234 0.376953 0.490234 0.465820 0.359375 0.465820
5 0.297526 0.334473 0.494141 0.334473 0.494141 0.465820 0.297526 0.465820
5 0.488932 0.285645 0.585286 0.285645 0.585286 0.365234 0.488932 0.365234
5 0.386719 0.149902 0.553385 0.149902 0.553385 0.300781 0.386719 0.300781
5 0.489583 0.235352 0.742839 0.235352 0.742839 0.364258 0.489583 0.364258
5 0.383464 0.149414 0.865885 0.149414 0.865885 0.459961 0.383464 0.459961
5 0.302083 0.235352 0.416667 0.235352 0.416667 0.348145 0.302083 0.348145
5 0.296875 0.149414 0.740885 0.149414 0.740885 0.440918 0.296875 0.440918
