0 0.608724 0.531738 0.746094 0.531738 0.746094 0.673828 0.608724 0.673828
1 0.671224 0.399414 0.899740 0.399414 0.899740 0.750488 0.671224 0.750488
4 0.703776 0.381836 1.000000 0.381836 1.000000 0.505859 0.703776 0.505859
4 0.466146 0.293945 0.684245 0.293945 0.684245 0.364746 0.466146 0.364746
5 0.500000 0.346191 0.709635 0.346191 0.709635 0.396973 0.500000 0.396973
5 0.333984 0.311523 0.445312 0.311523 0.445312 0.404297 0.333984 0.404297
5 0.386068 0.508789 0.587891 0.508789 0.587891 0.653809 0.386068 0.653809
5 0.417969 0.435547 0.557943 0.435547 0.557943 0.521484 0.417969 0.521484
5 0.182943 0.458984 0.298177 0.458984 0.298177 0.559570 0.182943 0.559570
5 0.110677 0.657227 0.242188 0.657227 0.242188 0.789062 0.110677 0.789062
5 0.240234 0.532227 0.378255 0.532227 0.378255 0.645020 0.240234 0.645020
5 0.123698 0.612305 0.291667 0.612305 0.291667 0.674805 0.123698 0.674805
5 0.191406 0.559570 0.243490 0.559570 0.243490 0.636230 0.191406 0.636230
5 0.287109 0.632324 0.419922 0.632324 0.419922 0.703613 0.287109 0.703613
5 0.240885 0.690430 0.411458 0.690430 0.411458 0.785156 0.240885 0.785156
5 0.303385 0.779297 0.436198 0.779297 0.436198 0.866211 0.303385 0.866211
5 0.500000 0.816406 0.684896 0.816406 0.684896 0.892090 0.500000 0.892090
5 0.529297 0.716797 0.750651 0.716797 0.750651 0.828125 0.529297 0.828125
5 0.216146 0.353027 0.529948 0.353027 0.529948 0.500000 0.216146 0.500000
5 0.110677 0.482910 0.686849 0.482910 0.686849 0.891113 0.110677 0.891113
6 0.722005 0.105469 1.000000 0.105469 1.000000 0.320312 0.722005 0.320312
