0 0.511068 0.551270 0.677734 0.551270 0.677734 0.659180 0.511068 0.659180
0 0.445312 0.433594 0.572266 0.433594 0.572266 0.510742 0.445312 0.510742
0 0.395182 0.337891 0.475260 0.337891 0.475260 0.383301 0.395182 0.383301
0 0.761719 0.475586 0.869141 0.475586 0.869141 0.558594 0.761719 0.558594
0 0.577474 0.723145 0.707031 0.723145 0.707031 0.814453 0.577474 0.814453
0 0.532552 0.643555 0.722656 0.643555 0.722656 0.731445 0.532552 0.731445
0 0.673177 0.579590 0.809245 0.579590 0.809245 0.643555 0.673177 0.643555
0 0.718750 0.665039 0.819010 0.665039 0.819010 0.714844 0.718750 0.714844
0 0.827474 0.533691 0.899089 0.533691 0.899089 0.608887 0.827474 0.608887
0 0.786458 0.595703 0.889323 0.595703 0.889323 0.675781 0.786458 0.675781
0 0.509115 0.352539 0.644531 0.352539 0.644531 0.432617 0.509115 0.432617
0 0.442057 0.235840 0.752604 0.235840 0.752604 0.358887 0.442057 0.358887
1 0.264323 0.295898 0.451823 0.295898 0.451823 0.731445 0.264323 0.731445
1 0.776042 0.369629 0.905599 0.369629 0.905599 0.515137 0.776042 0.515137
4 0.214844 0.493164 0.475911 0.493164 0.475911 0.974609 0.214844 0.974609
4 0.316406 0.676270 0.486328 0.676270 0.486328 1.000000 0.316406 1.000000
5 0.391276 0.516113 0.570964 0.516113 0.570964 0.643555 0.391276 0.643555
5 0.505859 0.445312 0.699870 0.445312 0.699870 0.562500 0.505859 0.562500
