4 0.723710 0.157738 0.931548 0.157738 0.931548 0.380952 0.723710 0.380952
0 0.649306 0.354167 0.712054 0.354167 0.712054 0.462302 0.649306 0.462302
5 0.630952 0.267196 0.715030 0.267196 0.715030 0.370370 0.630952 0.370370
6 0.108135 0.306217 0.303571 0.306217 0.303571 0.590278 0.108135 0.590278
4 0.726190 0.478175 1.000000 0.478175 1.000000 0.626984 0.726190 0.626984
0 0.436756 0.292989 0.692956 0.292989 0.692956 0.667328 0.436756 0.667328
0 0.612847 0.545304 0.707093 0.545304 0.707093 0.661376 0.612847 0.661376
0 0.402530 0.558201 0.450149 0.558201 0.450149 0.631614 0.402530 0.631614
4 0.727183 0.447090 1.000000 0.447090 1.000000 0.596892 0.727183 0.596892
1 0.381696 0.201058 0.588046 0.201058 0.588046 0.554563 0.381696 0.554563
