0 0.630208 0.306641 0.777995 0.306641 0.777995 0.402344 0.630208 0.402344
0 0.694010 0.507324 0.809245 0.507324 0.809245 0.615234 0.694010 0.615234
0 0.431641 0.618652 0.601562 0.618652 0.601562 0.707520 0.431641 0.707520
0 0.439453 0.692871 0.568359 0.692871 0.568359 0.748535 0.439453 0.748535
0 0.469401 0.741211 0.632812 0.741211 0.632812 0.798340 0.469401 0.798340
0 0.216146 0.340820 0.393229 0.340820 0.393229 0.539062 0.216146 0.539062
0 0.389974 0.379395 0.526042 0.379395 0.526042 0.441406 0.389974 0.441406
0 0.475911 0.296387 0.563151 0.296387 0.563151 0.345703 0.475911 0.345703
0 0.132161 0.491699 0.191406 0.491699 0.191406 0.531250 0.132161 0.531250
1 0.302734 0.282715 0.462891 0.282715 0.462891 0.340332 0.302734 0.340332
1 0.718099 0.446289 0.825521 0.446289 0.825521 0.521484 0.718099 0.521484
1 0.196615 0.633301 0.473307 0.633301 0.473307 0.796387 0.196615 0.796387
4 0.614583 0.479980 0.970703 0.479980 0.970703 1.000000 0.614583 1.000000
4 0.000000 0.244629 0.321615 0.244629 0.321615 0.545410 0.000000 0.545410
5 0.464844 0.479492 0.624349 0.479492 0.624349 0.629395 0.464844 0.629395
5 0.347005 0.552246 0.445964 0.552246 0.445964 0.690430 0.347005 0.690430
5 0.224609 0.557617 0.358724 0.557617 0.358724 0.654785 0.224609 0.654785
5 0.155599 0.526367 0.366536 0.526367 0.366536 0.687500 0.155599 0.687500
5 0.210286 0.400879 0.260417 0.400879 0.260417 0.463867 0.210286 0.463867
5 0.322917 0.404297 0.485677 0.404297 0.485677 0.488281 0.322917 0.488281
5 0.325521 0.344238 0.636068 0.344238 0.636068 0.387695 0.325521 0.387695
5 0.639974 0.386230 0.733724 0.386230 0.733724 0.467773 0.639974 0.467773
