5 0.502480 0.341931 0.546875 0.341931 0.546875 0.438161 0.502480 0.438161
0 0.645585 0.317791 0.679812 0.317791 0.679812 0.401786 0.645585 0.401786
0 0.556796 0.465608 0.653274 0.465608 0.653274 0.595899 0.556796 0.595899
5 0.347718 0.313823 0.384177 0.313823 0.384177 0.357143 0.347718 0.357143
5 0.344990 0.370370 0.420883 0.370370 0.420883 0.426587 0.344990 0.426587
1 0.333333 0.426257 0.606647 0.426257 0.606647 0.719907 0.333333 0.719907
0 0.490575 0.255952 0.564236 0.255952 0.564236 0.315476 0.490575 0.315476
0 0.396577 0.423611 0.465278 0.423611 0.465278 0.579696 0.396577 0.579696
5 0.654266 0.437831 0.692708 0.437831 0.692708 0.575728 0.654266 0.575728
5 0.456845 0.456680 0.514633 0.456680 0.514633 0.539352 0.456845 0.539352
5 0.422867 0.385582 0.547619 0.385582 0.547619 0.473214 0.422867 0.473214
5 0.468502 0.576720 0.481399 0.576720 0.481399 0.613757 0.468502 0.613757
5 0.465030 0.526786 0.499752 0.526786 0.499752 0.599206 0.465030 0.599206
5 0.492808 0.467593 0.590030 0.467593 0.590030 0.593585 0.492808 0.593585
5 0.746528 0.118056 0.889881 0.118056 0.889881 0.227844 0.746528 0.227844
5 0.716518 0.272487 0.928075 0.272487 0.928075 0.501323 0.716518 0.501323
5 0.603671 0.569444 0.650298 0.569444 0.650298 0.664021 0.603671 0.664021
5 0.594246 0.659722 0.650546 0.659722 0.650546 0.760582 0.594246 0.760582
5 0.664435 0.547288 0.832341 0.547288 0.832341 0.709656 0.664435 0.709656
5 0.689980 0.438161 0.826885 0.438161 0.826885 0.550926 0.689980 0.550926
5 0.678819 0.308201 0.769841 0.308201 0.769841 0.435516 0.678819 0.435516
5 0.515625 0.195767 0.655010 0.195767 0.655010 0.268188 0.515625 0.268188
5 0.375496 0.243386 0.421627 0.243386 0.421627 0.353505 0.375496 0.353505
5 0.394841 0.307540 0.484623 0.307540 0.484623 0.410714 0.394841 0.410714
5 0.644345 0.266534 0.704365 0.266534 0.704365 0.324405 0.644345 0.324405
