0 0.133598 0.440724 0.219577 0.440724 0.219577 0.500744 0.133598 0.500744
0 0.150132 0.502232 0.241733 0.502232 0.241733 0.595734 0.150132 0.595734
0 0.218915 0.363839 0.428902 0.363839 0.428902 0.514881 0.218915 0.514881
1 0.316468 0.289931 0.803902 0.289931 0.803902 0.560268 0.316468 0.560268
0 0.156746 0.522817 0.398810 0.522817 0.398810 0.698165 0.156746 0.698165
0 0.485780 0.563244 0.742725 0.563244 0.742725 0.753720 0.485780 0.753720
4 0.575728 0.694692 0.722553 0.694692 0.722553 1.000000 0.575728 1.000000
0 0.186508 0.288938 0.303902 0.288938 0.303902 0.348710 0.186508 0.348710
0 0.446759 0.507688 0.583003 0.507688 0.583003 0.615327 0.446759 0.615327
1 0.672619 0.513393 0.830026 0.513393 0.830026 0.703869 0.672619 0.703869
0 0.055886 0.345486 0.255952 0.345486 0.255952 0.447421 0.055886 0.447421
0 0.438492 0.238591 0.671296 0.238591 0.671296 0.409226 0.438492 0.409226
0 0.333664 0.230407 0.480489 0.230407 0.480489 0.279762 0.333664 0.279762
0 0.346230 0.267361 0.453373 0.267361 0.453373 0.335813 0.346230 0.335813
0 0.296958 0.289187 0.401455 0.289187 0.401455 0.369048 0.296958 0.369048
0 0.288360 0.356151 0.430556 0.356151 0.430556 0.413194 0.288360 0.413194
