5 0.345734 0.112434 0.596230 0.112434 0.596230 0.281415 0.345734 0.281415
5 0.324901 0.054894 0.565724 0.054894 0.565724 0.252315 0.324901 0.252315
5 0.257937 0.070106 0.328869 0.070106 0.328869 0.420304 0.257937 0.420304
5 0.458581 0.091270 0.795387 0.091270 0.795387 0.437500 0.458581 0.437500
0 0.265377 0.240410 0.731647 0.240410 0.731647 0.765542 0.265377 0.765542
0 0.682540 0.443122 0.732143 0.443122 0.732143 0.656085 0.682540 0.656085
0 0.273810 0.573743 0.374504 0.573743 0.374504 0.725860 0.273810 0.725860
0 0.578125 0.435516 0.642857 0.435516 0.642857 0.710648 0.578125 0.710648
0 0.514881 0.582011 0.586806 0.582011 0.586806 0.756283 0.514881 0.756283
0 0.457093 0.652116 0.523313 0.652116 0.523313 0.764881 0.457093 0.764881
0 0.441468 0.367725 0.566716 0.367725 0.566716 0.600529 0.441468 0.600529
0 0.345238 0.509259 0.481399 0.509259 0.481399 0.752976 0.345238 0.752976
