0 0.402116 0.608879 0.501653 0.608879 0.501653 0.687996 0.402116 0.687996
0 0.276786 0.374008 0.501653 0.374008 0.501653 0.504216 0.276786 0.504216
5 0.335648 0.647321 0.376653 0.647321 0.376653 0.693948 0.335648 0.693948
0 0.241071 0.455357 0.413029 0.455357 0.413029 0.581101 0.241071 0.581101
0 0.579696 0.351687 0.737103 0.351687 0.737103 0.503720 0.579696 0.503720
0 0.477513 0.408978 0.661376 0.408978 0.661376 0.523313 0.477513 0.523313
5 0.397156 0.499256 0.560847 0.499256 0.560847 0.622520 0.397156 0.622520
5 0.543981 0.518849 0.608466 0.518849 0.608466 0.542907 0.543981 0.542907
1 0.423280 0.345734 0.587963 0.345734 0.587963 0.433036 0.423280 0.433036
5 0.696098 0.328621 0.772156 0.328621 0.772156 0.383433 0.696098 0.383433
0 0.278108 0.591270 0.402116 0.591270 0.402116 0.706845 0.278108 0.706845
0 0.328373 0.670883 0.554233 0.670883 0.554233 0.784226 0.328373 0.784226
