0 0.523065 0.629299 0.646825 0.629299 0.646825 0.803241 0.523065 0.803241
5 0.614087 0.437831 0.657490 0.437831 0.657490 0.545635 0.614087 0.545635
5 0.533978 0.439484 0.594742 0.439484 0.594742 0.505291 0.533978 0.505291
0 0.542907 0.434193 0.619048 0.434193 0.619048 0.559193 0.542907 0.559193
0 0.426091 0.471561 0.500744 0.471561 0.500744 0.553241 0.426091 0.553241
0 0.414683 0.321098 0.503472 0.321098 0.503472 0.458333 0.414683 0.458333
0 0.422867 0.548611 0.482639 0.548611 0.482639 0.629299 0.422867 0.629299
0 0.389385 0.184524 0.484623 0.184524 0.484623 0.287698 0.389385 0.287698
0 0.421131 0.234127 0.512401 0.234127 0.512401 0.346230 0.421131 0.346230
0 0.487351 0.294974 0.537946 0.294974 0.537946 0.372685 0.487351 0.372685
0 0.342510 0.422950 0.432292 0.422950 0.432292 0.514881 0.342510 0.514881
0 0.465278 0.625000 0.526290 0.625000 0.526290 0.690476 0.465278 0.690476
0 0.602183 0.547619 0.727431 0.547619 0.727431 0.648810 0.602183 0.648810
0 0.629216 0.437500 0.716518 0.437500 0.716518 0.537037 0.629216 0.537037
0 0.655258 0.422619 0.745784 0.422619 0.745784 0.577381 0.655258 0.577381
0 0.306796 0.286045 0.427083 0.286045 0.427083 0.428902 0.306796 0.428902
0 0.550595 0.210317 0.714782 0.210317 0.714782 0.362434 0.550595 0.362434
5 0.691716 0.562831 0.752728 0.562831 0.752728 0.669312 0.691716 0.669312
5 0.246528 0.430225 0.365327 0.430225 0.365327 0.604167 0.246528 0.604167
5 0.466270 0.121032 0.519345 0.121032 0.519345 0.285053 0.466270 0.285053
0 0.509673 0.164021 0.609623 0.164021 0.609623 0.301587 0.509673 0.301587
0 0.622272 0.248347 0.713542 0.248347 0.713542 0.435185 0.622272 0.435185
5 0.277530 0.511905 0.405506 0.511905 0.405506 0.664352 0.277530 0.664352
0 0.293899 0.656085 0.366319 0.656085 0.366319 0.702381 0.293899 0.702381
0 0.709325 0.302910 0.737103 0.302910 0.737103 0.394511 0.709325 0.394511
