5 0.494709 0.242808 0.624008 0.242808 0.624008 0.366567 0.494709 0.366567
0 0.731481 0.246776 0.773148 0.246776 0.773148 0.325893 0.731481 0.325893
0 0.764550 0.257440 0.831019 0.257440 0.831019 0.371776 0.764550 0.371776
0 0.608466 0.265377 0.735119 0.265377 0.735119 0.316220 0.608466 0.316220
0 0.571429 0.284226 0.756283 0.284226 0.756283 0.374008 0.571429 0.374008
0 0.559524 0.227431 0.642857 0.227431 0.642857 0.311260 0.559524 0.311260
0 0.544312 0.331101 0.844246 0.331101 0.844246 0.732887 0.544312 0.732887
1 0.219246 0.348462 0.655093 0.348462 0.655093 0.657738 0.219246 0.657738
0 0.738757 0.492560 0.843254 0.492560 0.843254 0.624256 0.738757 0.624256
0 0.656415 0.470982 0.733135 0.470982 0.733135 0.532242 0.656415 0.532242
0 0.544643 0.633929 0.656415 0.633929 0.656415 0.731895 0.544643 0.731895
0 0.634921 0.530754 0.759921 0.530754 0.759921 0.608631 0.634921 0.608631
0 0.640873 0.335317 0.757275 0.335317 0.757275 0.401538 0.640873 0.401538
0 0.711971 0.424355 0.781085 0.424355 0.781085 0.514137 0.711971 0.514137
0 0.670966 0.436508 0.714947 0.436508 0.714947 0.478423 0.670966 0.478423
5 0.388889 0.268601 0.511243 0.268601 0.511243 0.348710 0.388889 0.348710
5 0.251323 0.249504 0.407077 0.249504 0.407077 0.393105 0.251323 0.393105
