5 0.641955 0.401523 0.671060 0.401523 0.671060 0.451837 0.641955 0.451837
1 0.255903 0.315127 0.566172 0.315127 0.566172 0.695465 0.255903 0.695465
5 0.302856 0.186362 0.498353 0.186362 0.498353 0.327706 0.302856 0.327706
5 0.685338 0.563721 0.909665 0.563721 0.909665 0.754055 0.685338 0.754055
0 0.514278 0.288646 0.568094 0.288646 0.568094 0.385634 0.514278 0.385634
0 0.489566 0.269778 0.530203 0.269778 0.530203 0.320093 0.489566 0.320093
0 0.516200 0.257531 0.610104 0.257531 0.610104 0.314796 0.516200 0.314796
0 0.429434 0.141675 0.517847 0.141675 0.517847 0.223767 0.429434 0.223767
0 0.492037 0.214830 0.560681 0.214830 0.560681 0.275737 0.492037 0.275737
0 0.442065 0.270440 0.515102 0.270440 0.515102 0.355180 0.442065 0.355180
5 0.723229 0.309169 0.767161 0.309169 0.767161 0.439921 0.723229 0.439921
5 0.561505 0.335650 0.598847 0.335650 0.598847 0.471367 0.561505 0.471367
5 0.587315 0.325389 0.640308 0.325389 0.640308 0.437603 0.587315 0.437603
5 0.572213 0.323072 0.601043 0.323072 0.601043 0.361470 0.572213 0.361470
5 0.613125 0.231049 0.720483 0.231049 0.720483 0.304204 0.613125 0.304204
5 0.622735 0.313803 0.675178 0.313803 0.675178 0.449189 0.622735 0.449189
5 0.720483 0.286329 0.792971 0.286329 0.792971 0.354849 0.720483 0.354849
0 0.537068 0.382655 0.665294 0.382655 0.665294 0.603774 0.537068 0.603774
0 0.791598 0.364118 0.855848 0.364118 0.855848 0.533598 0.791598 0.533598
5 0.836079 0.383648 0.905272 0.383648 0.905272 0.530288 0.836079 0.530288
5 0.670511 0.569679 0.696046 0.569679 0.696046 0.628931 0.670511 0.628931
6 0.011532 0.744786 0.201263 0.744786 0.201263 0.966567 0.011532 0.966567
