5 0.510417 0.470899 0.614583 0.470899 0.614583 0.800595 0.510417 0.800595
5 0.408730 0.504960 0.510169 0.504960 0.510169 0.657077 0.408730 0.657077
5 0.565724 0.472553 0.656498 0.472553 0.656498 0.670304 0.565724 0.670304
0 0.504712 0.618386 0.569940 0.618386 0.569940 0.709987 0.504712 0.709987
0 0.598214 0.172950 0.700893 0.172950 0.700893 0.303902 0.598214 0.303902
6 0.084325 0.214947 0.265377 0.214947 0.265377 0.456019 0.084325 0.456019
5 0.492808 0.314815 0.663194 0.314815 0.663194 0.556217 0.492808 0.556217
1 0.350446 0.147487 0.649306 0.147487 0.649306 0.515542 0.350446 0.515542
0 0.344494 0.472553 0.468750 0.472553 0.468750 0.708664 0.344494 0.708664
0 0.615079 0.397156 0.852679 0.397156 0.852679 0.801587 0.615079 0.801587
