5 0.385582 0.275298 0.448413 0.275298 0.448413 0.347222 0.385582 0.347222
5 0.240741 0.285218 0.311508 0.285218 0.311508 0.323661 0.240741 0.323661
5 0.391865 0.168899 0.631614 0.168899 0.631614 0.343006 0.391865 0.343006
0 0.178902 0.182540 0.285053 0.182540 0.285053 0.308532 0.178902 0.308532
0 0.279101 0.309524 0.370040 0.309524 0.370040 0.464038 0.279101 0.464038
0 0.374008 0.342262 0.454696 0.342262 0.454696 0.465774 0.374008 0.465774
7 0.229167 0.738343 0.606481 0.738343 0.606481 1.000000 0.229167 1.000000
4 0.001653 0.459821 0.750992 0.459821 0.750992 0.606895 0.001653 0.606895
5 0.158399 0.422867 0.427579 0.422867 0.427579 0.522073 0.158399 0.522073
1 0.631614 0.203125 0.761905 0.203125 0.761905 0.381448 0.631614 0.381448
1 0.236111 0.056300 0.460317 0.056300 0.460317 0.188988 0.236111 0.188988
0 0.179894 0.101190 0.676257 0.101190 0.676257 0.469742 0.179894 0.469742
0 0.596230 0.327629 0.655423 0.327629 0.655423 0.425347 0.596230 0.425347
0 0.533399 0.285714 0.625992 0.285714 0.625992 0.421627 0.533399 0.421627
0 0.445106 0.311508 0.505952 0.311508 0.505952 0.462550 0.445106 0.462550
