7 0.719494 0.365410 0.996032 0.365410 0.996032 0.726852 0.719494 0.726852
4 0.446429 0.208664 0.586310 0.208664 0.586310 0.942460 0.446429 0.942460
1 0.068700 0.501984 0.190228 0.501984 0.190228 0.710648 0.068700 0.710648
0 0.148810 0.561177 0.226438 0.561177 0.226438 0.651786 0.148810 0.651786
0 0.125248 0.487434 0.225694 0.487434 0.225694 0.593915 0.125248 0.593915
0 0.303075 0.590939 0.453125 0.590939 0.453125 0.672288 0.303075 0.672288
0 0.338046 0.509921 0.453869 0.509921 0.453869 0.582341 0.338046 0.582341
0 0.304315 0.458995 0.452877 0.458995 0.452877 0.515212 0.304315 0.515212
0 0.282242 0.296958 0.418403 0.296958 0.418403 0.429894 0.282242 0.429894
5 0.198909 0.297950 0.342758 0.297950 0.342758 0.640212 0.198909 0.640212
5 0.417163 0.540013 0.504712 0.540013 0.504712 0.788360 0.417163 0.788360
