1 0.376802 0.772386 0.349789 0.844416 0.382808 0.928458 0.397825 0.988490 0.511867 0.997484 0.709951 0.997484 0.836023 0.979481 0.896039 0.886445 0.911055 0.814399 0.920049 0.745373 0.935065 0.664334 0.932062 0.610308 0.914058 0.556282 0.875032 0.502256 0.848019 0.466250 0.785000 0.454237 0.751981 0.463247 0.685942 0.466250 0.640925 0.457240 0.610909 0.400211 0.577906 0.409221 0.550893 0.466250 0.481851 0.436234 0.457841 0.472256 0.493864 0.520276 0.511867 0.550292 0.523880 0.553295 0.538880 0.553295 0.559886 0.529269 0.589903 0.511266 0.613912 0.511266 0.649935 0.514269 0.673945 0.550292 0.700958 0.610308 0.733977 0.670341 0.742971 0.715357 0.739968 0.736364 0.739968 0.793393 0.721964 0.832419 0.703961 0.838425 0.661932 0.820406 0.631916 0.796396 0.613912 0.808409 0.595909 0.805406 0.589903 0.853425 0.535877 0.880438 0.499870 0.898442 0.490860 0.856429 0.493864 0.829416 0.466851 0.847419 0.433831 0.844416 0.403815 0.832419 0.397825 0.811412
0 0.438312 0.688312 0.422078 0.699675 0.396104 0.735390 0.434578 0.855032 0.389610 0.767857 0.412338 0.790584 0.420455 0.806818 0.435065 0.821429 0.448052 0.829545 0.474026 0.831169 0.478896 0.827922 0.487013 0.793831 0.506494 0.748377 0.512987 0.715909 0.504870 0.711039 0.478896 0.707792 0.454545 0.688312
0 0.448052 0.512987 0.428571 0.504870 0.415584 0.506494 0.389610 0.529221 0.368506 0.561688 0.365260 0.573052 0.342532 0.586039 0.323052 0.618506 0.326299 0.634740 0.323052 0.696429 0.326299 0.702922 0.342532 0.701299 0.345779 0.694805 0.373377 0.680195 0.392857 0.654221 0.405844 0.646104 0.423701 0.625000 0.435065 0.599026 0.438312 0.576299 0.444805 0.569805 0.454545 0.538961 0.452922 0.517857
5 0.050325 0.501623 0.022727 0.560065 0.022727 0.577922 0.063312 0.577922 0.074675 0.573052 0.094156 0.592532 0.128247 0.599026 0.141234 0.605519 0.137987 0.618506 0.126623 0.626623 0.123377 0.636364 0.099026 0.660714 0.095779 0.657468 0.099026 0.662338 0.086039 0.685065 0.084416 0.696429 0.076299 0.699675 0.081169 0.704545 0.079545 0.725649 0.082792 0.730519 0.077922 0.735390 0.076299 0.750000 0.069805 0.753247 0.071429 0.767857 0.066558 0.772727 0.055195 0.766234 0.035714 0.767857 0.035714 0.782468 0.042208 0.795455 0.060065 0.811688 0.071429 0.818182 0.084416 0.819805 0.095779 0.831169 0.099026 0.842532 0.107143 0.852273 0.108766 0.889610 0.116883 0.892857 0.116883 0.904221 0.121753 0.909091 0.126623 0.933442 0.134740 0.941558 0.126623 0.949675 0.123377 0.964286 0.126623 0.990260 0.134740 1.000000 0.357143 1.000000 0.379870 0.975649 0.383117 0.967532 0.383117 0.941558 0.373377 0.896104 0.365260 0.871753 0.352273 0.849026 0.352273 0.834416 0.400974 0.717532 0.404221 0.686688 0.389610 0.680195 0.376623 0.681818 0.371753 0.688312 0.357143 0.696429 0.353896 0.694805 0.332792 0.711039 0.324675 0.711039 0.313312 0.698052 0.313312 0.675325 0.321429 0.647727 0.319805 0.621753 0.321429 0.612013 0.326299 0.607143 0.329545 0.571429 0.334416 0.561688 0.339286 0.503247 0.295455 0.461039 0.253247 0.435065 0.212662 0.433442 0.178571 0.438312 0.157468 0.448052 0.137987 0.464286 0.128247 0.467532 0.094156 0.467532
0 0.595779 0.634740 0.586039 0.637987 0.590909 0.642857 0.586039 0.646104 0.587662 0.665584 0.582792 0.681818 0.569805 0.694805 0.538961 0.706169 0.529221 0.715909 0.522727 0.735390 0.514610 0.790584 0.512987 0.837662 0.517857 0.873377 0.524351 0.884740 0.540584 0.884740 0.558442 0.873377 0.590909 0.787338 0.590909 0.758117 0.597403 0.727273 0.613636 0.686688 0.607143 0.676948 0.613636 0.670455 0.610390 0.665584 0.613636 0.652597 0.603896 0.652597
0 0.370130 0.373377 0.365260 0.365260 0.342532 0.355519 0.310065 0.331169 0.274351 0.318182 0.256494 0.318182 0.243506 0.326299 0.211039 0.362013 0.176948 0.423701 0.176948 0.431818 0.248377 0.430195 0.284091 0.443182 0.290584 0.439935 0.301948 0.423701 0.326299 0.425325 0.326299 0.420455 0.336039 0.413961 0.362013 0.405844
0 0.482143 0.378247 0.436688 0.353896 0.418831 0.353896 0.413961 0.357143 0.391234 0.391234 0.358766 0.462662 0.357143 0.490260 0.368506 0.516234 0.392857 0.519481 0.404221 0.506494 0.428571 0.500000 0.431818 0.472403 0.438312 0.456169 0.454545 0.452922 0.467532 0.439935 0.470779 0.425325 0.485390 0.397727
0 0.662338 0.331169 0.644481 0.345779 0.633117 0.373377 0.633117 0.389610 0.657468 0.452922 0.673701 0.461039 0.709416 0.467532 0.737013 0.465909 0.758117 0.454545 0.774351 0.436688 0.780844 0.418831 0.779221 0.392857 0.772727 0.371753 0.758117 0.345779 0.740260 0.332792 0.702922 0.323052 0.681818 0.323052
0 0.516234 0.279221 0.500000 0.295455 0.483766 0.334416 0.485390 0.355519 0.493506 0.383117 0.508117 0.399351 0.529221 0.409091 0.548701 0.407468 0.560065 0.410714 0.587662 0.404221 0.623377 0.373377 0.642857 0.344156 0.650974 0.326299 0.647727 0.313312 0.625000 0.290584 0.584416 0.272727 0.540584 0.271104
0 0.514610 0.545455 0.493506 0.543831 0.461039 0.560065 0.441558 0.577922 0.426948 0.623377 0.413961 0.646104 0.415584 0.654221 0.423701 0.659091 0.423701 0.663961 0.430195 0.670455 0.441558 0.675325 0.451299 0.673701 0.470779 0.659091 0.478896 0.657468 0.495130 0.641234 0.534091 0.576299 0.534091 0.568182
0 0.668831 0.605519 0.660714 0.628247 0.654221 0.634740 0.654221 0.642857 0.659091 0.633117 0.667208 0.644481 0.662338 0.649351 0.647727 0.704545 0.644481 0.777597 0.657468 0.801948 0.673701 0.821429 0.693182 0.823052 0.706169 0.813312 0.707792 0.792208 0.720779 0.769481 0.720779 0.753247 0.689935 0.665584 0.685065 0.629870
0 0.646104 0.534091 0.636364 0.534091 0.623377 0.540584 0.610390 0.558442 0.602273 0.577922 0.599026 0.597403 0.600649 0.631494 0.615260 0.652597 0.610390 0.659091 0.607143 0.655844 0.605519 0.660714 0.607143 0.675325 0.612013 0.683442 0.602273 0.704545 0.590909 0.748377 0.590909 0.787338 0.595779 0.790584 0.623377 0.788961 0.634740 0.775974 0.642857 0.756494 0.641234 0.724026 0.655844 0.663961 0.652597 0.634740 0.659091 0.625000 0.665584 0.602273 0.665584 0.584416 0.659091 0.553571
0 0.602273 0.535714 0.594156 0.534091 0.586039 0.537338 0.532468 0.582792 0.498377 0.646104 0.462662 0.681818 0.461039 0.693182 0.464286 0.698052 0.483766 0.707792 0.527597 0.709416 0.560065 0.698052 0.576299 0.686688 0.582792 0.673701 0.582792 0.665584 0.577922 0.657468 0.563312 0.649351 0.561688 0.642857 0.579545 0.623377 0.597403 0.592532 0.599026 0.564935 0.603896 0.553571
