5 0.703704 0.553819 0.797950 0.553819 0.797950 0.658482 0.703704 0.658482
1 0.173611 0.504960 0.251323 0.504960 0.251323 0.798363 0.173611 0.798363
1 0.469577 0.435020 0.573082 0.435020 0.573082 0.802331 0.469577 0.802331
3 0.300595 0.231647 0.403770 0.231647 0.403770 0.328125 0.300595 0.328125
3 0.250992 0.251240 0.334656 0.251240 0.334656 0.331845 0.250992 0.331845
5 0.592923 0.622024 0.674603 0.622024 0.674603 0.672867 0.592923 0.672867
5 0.593585 0.588790 0.699735 0.588790 0.699735 0.671875 0.593585 0.671875
0 0.201720 0.418651 0.520172 0.418651 0.520172 0.605159 0.201720 0.605159
0 0.201720 0.571181 0.495701 0.571181 0.495701 0.730655 0.201720 0.730655
0 0.236111 0.673115 0.506944 0.673115 0.506944 0.835069 0.236111 0.835069
5 0.650463 0.623016 0.757937 0.623016 0.757937 0.712798 0.650463 0.712798
3 0.250331 0.326885 0.396495 0.326885 0.396495 0.370040 0.250331 0.370040
5 0.608135 0.494296 0.743386 0.494296 0.743386 0.588542 0.608135 0.588542
5 0.644511 0.725694 0.772817 0.725694 0.772817 0.776042 0.644511 0.776042
5 0.575066 0.710317 0.830357 0.710317 0.830357 0.828621 0.575066 0.828621
