0 0.119333 0.516000 0.232667 0.516000 0.232667 0.632667 0.119333 0.632667
0 0.116667 0.462000 0.252667 0.462000 0.252667 0.579333 0.116667 0.579333
0 0.121333 0.390667 0.280000 0.390667 0.280000 0.557333 0.121333 0.557333
0 0.156000 0.352667 0.315333 0.352667 0.315333 0.510667 0.156000 0.510667
0 0.183333 0.316667 0.344667 0.316667 0.344667 0.480000 0.183333 0.480000
0 0.223333 0.254000 0.395333 0.254000 0.395333 0.442667 0.223333 0.442667
0 0.294667 0.183333 0.462667 0.183333 0.462667 0.406000 0.294667 0.406000
0 0.370000 0.157333 0.517333 0.157333 0.517333 0.348000 0.370000 0.348000
0 0.117333 0.158000 0.516667 0.158000 0.516667 0.630667 0.117333 0.630667
5 0.407333 0.297333 0.744667 0.297333 0.744667 0.654667 0.407333 0.654667
5 0.132000 0.438000 0.550000 0.438000 0.550000 0.886667 0.132000 0.886667
5 0.410000 0.522667 0.908000 0.522667 0.908000 0.947333 0.410000 0.947333
5 0.500667 0.116667 0.673333 0.116667 0.673333 0.293333 0.500667 0.293333
5 0.643333 0.206667 0.816000 0.206667 0.816000 0.376667 0.643333 0.376667
