0 0.388333 0.554783 0.513333 0.554783 0.513333 0.626087 0.388333 0.626087
0 0.443333 0.356522 0.580000 0.356522 0.580000 0.401739 0.443333 0.401739
0 0.615000 0.353043 0.663333 0.353043 0.663333 0.415652 0.615000 0.415652
5 0.588333 0.408696 0.748333 0.408696 0.748333 0.521739 0.588333 0.521739
5 0.438333 0.629565 0.528333 0.629565 0.528333 0.782609 0.438333 0.782609
5 0.538333 0.634783 0.636667 0.634783 0.636667 0.747826 0.538333 0.747826
5 0.215000 0.589565 0.351667 0.589565 0.351667 0.723478 0.215000 0.723478
5 0.273333 0.413913 0.418333 0.413913 0.418333 0.502609 0.273333 0.502609
5 0.310000 0.373913 0.443333 0.373913 0.443333 0.483478 0.310000 0.483478
5 0.326667 0.224348 0.515000 0.224348 0.515000 0.389565 0.326667 0.389565
5 0.251667 0.302609 0.318333 0.302609 0.318333 0.373913 0.251667 0.373913
5 0.490000 0.224348 0.591667 0.224348 0.591667 0.300870 0.490000 0.300870
5 0.561667 0.281739 0.641667 0.281739 0.641667 0.363478 0.561667 0.363478
5 0.226667 0.455652 0.301667 0.455652 0.301667 0.546087 0.226667 0.546087
5 0.635000 0.586087 0.725000 0.586087 0.725000 0.702609 0.635000 0.702609
5 0.600000 0.509565 0.666667 0.509565 0.666667 0.570435 0.600000 0.570435
5 0.501667 0.488696 0.601667 0.488696 0.601667 0.582609 0.501667 0.582609
5 0.490000 0.375652 0.615000 0.375652 0.615000 0.455652 0.490000 0.455652
5 0.456667 0.446957 0.610000 0.446957 0.610000 0.499130 0.456667 0.499130
5 0.570000 0.453913 0.661667 0.453913 0.661667 0.493913 0.570000 0.493913
5 0.471667 0.500870 0.538333 0.500870 0.538333 0.598261 0.471667 0.598261
5 0.266667 0.540870 0.311667 0.540870 0.311667 0.702609 0.266667 0.702609
5 0.298333 0.593043 0.338333 0.593043 0.338333 0.711304 0.298333 0.711304
6 0.191667 0.191304 0.790000 0.191304 0.790000 0.813913 0.191667 0.813913
