0 0.362963 0.418519 0.650000 0.418519 0.650000 0.629630 0.362963 0.629630
5 0.089815 0.261111 0.178704 0.261111 0.178704 0.668519 0.089815 0.668519
5 0.173148 0.720370 0.493519 0.720370 0.493519 0.884259 0.173148 0.884259
5 0.670370 0.617593 0.841667 0.617593 0.841667 0.877778 0.670370 0.877778
5 0.272222 0.590741 0.542593 0.590741 0.542593 0.825000 0.272222 0.825000
5 0.139815 0.415741 0.377778 0.415741 0.377778 0.595370 0.139815 0.595370
5 0.204630 0.286111 0.448148 0.286111 0.448148 0.485185 0.204630 0.485185
5 0.243519 0.136111 0.411111 0.136111 0.411111 0.264815 0.243519 0.264815
5 0.606481 0.127778 0.860185 0.127778 0.860185 0.350000 0.606481 0.350000
5 0.458333 0.258333 0.713889 0.258333 0.713889 0.464815 0.458333 0.464815
5 0.313889 0.150926 0.542593 0.150926 0.542593 0.300926 0.313889 0.300926
5 0.615741 0.467593 0.703704 0.467593 0.703704 0.776852 0.615741 0.776852
5 0.370370 0.595370 0.626852 0.595370 0.626852 0.730556 0.370370 0.730556
5 0.600000 0.226852 0.762037 0.226852 0.762037 0.392593 0.600000 0.392593
5 0.759259 0.191667 0.856481 0.191667 0.856481 0.253704 0.759259 0.253704
5 0.743519 0.329630 0.820370 0.329630 0.820370 0.439815 0.743519 0.439815
5 0.421296 0.265741 0.532407 0.265741 0.532407 0.404630 0.421296 0.404630
6 0.128704 0.598148 0.290741 0.598148 0.290741 0.738889 0.128704 0.738889
6 0.360185 0.691667 0.680556 0.691667 0.680556 0.910185 0.360185 0.910185
