0 0.305556 0.205185 0.504630 0.205185 0.504630 0.322222 0.305556 0.322222
0 0.500000 0.243704 0.712963 0.243704 0.712963 0.383704 0.500000 0.383704
0 0.117593 0.395556 0.278704 0.395556 0.278704 0.588148 0.117593 0.588148
0 0.634259 0.328148 0.821296 0.328148 0.821296 0.480000 0.634259 0.480000
0 0.250000 0.312593 0.354630 0.312593 0.354630 0.408148 0.250000 0.408148
0 0.384259 0.311852 0.517593 0.311852 0.517593 0.359259 0.384259 0.359259
1 0.326852 0.597037 0.537963 0.597037 0.537963 0.754074 0.326852 0.754074
1 0.561111 0.513333 0.706481 0.513333 0.706481 0.653333 0.561111 0.653333
1 0.698148 0.417037 0.885185 0.417037 0.885185 0.551111 0.698148 0.551111
1 0.512963 0.652593 0.693519 0.652593 0.693519 0.788148 0.512963 0.788148
5 0.673148 0.506667 0.859259 0.506667 0.859259 0.740741 0.673148 0.740741
5 0.171296 0.627407 0.436111 0.627407 0.436111 0.787407 0.171296 0.787407
5 0.309259 0.348148 0.448148 0.348148 0.448148 0.465926 0.309259 0.465926
5 0.423148 0.334815 0.536111 0.334815 0.536111 0.451111 0.423148 0.451111
5 0.507407 0.372593 0.638889 0.372593 0.638889 0.491111 0.507407 0.491111
5 0.294444 0.453333 0.601852 0.453333 0.601852 0.613333 0.294444 0.613333
7 0.150926 0.234074 0.391667 0.234074 0.391667 0.417037 0.150926 0.417037
7 0.480556 0.198519 0.882407 0.198519 0.882407 0.456296 0.480556 0.456296
7 0.117593 0.202222 0.871296 0.202222 0.871296 0.785926 0.117593 0.785926
