1 0.209333 0.287333 0.702667 0.287333 0.702667 0.784000 0.209333 0.784000
0 0.420000 0.395333 0.493333 0.395333 0.493333 0.452667 0.420000 0.452667
0 0.310000 0.534667 0.374667 0.534667 0.374667 0.602667 0.310000 0.602667
0 0.396667 0.560000 0.454667 0.560000 0.454667 0.623333 0.396667 0.623333
0 0.392000 0.484000 0.518000 0.484000 0.518000 0.570000 0.392000 0.570000
3 0.210000 0.283333 0.702000 0.283333 0.702000 0.788000 0.210000 0.788000
4 0.875333 0.502000 1.000000 0.502000 1.000000 0.640000 0.875333 0.640000
5 0.499333 0.438000 0.601333 0.438000 0.601333 0.627333 0.499333 0.627333
5 0.433333 0.443333 0.504667 0.443333 0.504667 0.490000 0.433333 0.490000
5 0.535333 0.667333 0.574000 0.667333 0.574000 0.690000 0.535333 0.690000
5 0.506000 0.628667 0.538000 0.628667 0.538000 0.670000 0.506000 0.670000
5 0.246000 0.370667 0.273333 0.370667 0.273333 0.432667 0.246000 0.432667
5 0.255333 0.500000 0.310667 0.500000 0.310667 0.526000 0.255333 0.526000
5 0.280000 0.378000 0.310667 0.378000 0.310667 0.420000 0.280000 0.420000
5 0.241333 0.476000 0.251333 0.476000 0.251333 0.501333 0.241333 0.501333
5 0.228667 0.474667 0.252000 0.474667 0.252000 0.502000 0.228667 0.502000
5 0.208667 0.627333 0.266667 0.627333 0.266667 0.653333 0.208667 0.653333
5 0.234667 0.662667 0.272667 0.662667 0.272667 0.692000 0.234667 0.692000
5 0.278000 0.594000 0.318000 0.594000 0.318000 0.654000 0.278000 0.654000
5 0.616667 0.669333 0.635333 0.669333 0.635333 0.712667 0.616667 0.712667
5 0.567333 0.687333 0.626000 0.687333 0.626000 0.724667 0.567333 0.724667
5 0.636667 0.640667 0.665333 0.640667 0.665333 0.690667 0.636667 0.690667
5 0.664000 0.576000 0.700667 0.576000 0.700667 0.597333 0.664000 0.597333
5 0.633333 0.584000 0.662667 0.584000 0.662667 0.616000 0.633333 0.616000
5 0.463333 0.728667 0.500667 0.728667 0.500667 0.752667 0.463333 0.752667
5 0.443333 0.698000 0.467333 0.698000 0.467333 0.737333 0.443333 0.737333
5 0.410000 0.685333 0.454667 0.685333 0.454667 0.709333 0.410000 0.709333
5 0.360667 0.680667 0.389333 0.680667 0.389333 0.715333 0.360667 0.715333
5 0.390000 0.646000 0.410000 0.646000 0.410000 0.712667 0.390000 0.712667
5 0.399333 0.626667 0.424667 0.626667 0.424667 0.665333 0.399333 0.665333
5 0.422000 0.363333 0.485333 0.363333 0.485333 0.396000 0.422000 0.396000
5 0.448667 0.338667 0.485333 0.338667 0.485333 0.381333 0.448667 0.381333
5 0.624000 0.349333 0.648667 0.349333 0.648667 0.407333 0.624000 0.407333
5 0.546667 0.422000 0.597333 0.422000 0.597333 0.445333 0.546667 0.445333
6 0.812667 0.129333 0.982000 0.129333 0.982000 0.296667 0.812667 0.296667
