0 0.323437 0.704918 0.481250 0.704918 0.481250 1.000000 0.323437 1.000000
0 0.456250 0.618267 0.645312 0.618267 0.645312 0.871194 0.456250 0.871194
0 0.520312 0.079625 0.664062 0.079625 0.664062 0.590164 0.520312 0.590164
1 0.129688 0.252927 0.318750 0.252927 0.318750 0.543326 0.129688 0.543326
1 0.173437 0.543326 0.367188 0.543326 0.367188 0.845433 0.173437 0.845433
1 0.312500 0.374707 0.475000 0.374707 0.475000 0.526932 0.312500 0.526932
1 0.281250 0.072600 0.478125 0.072600 0.478125 0.388759 0.281250 0.388759
5 0.603125 0.372365 0.893750 0.372365 0.893750 0.772834 0.603125 0.772834
5 0.131250 0.311475 0.271875 0.311475 0.271875 0.533958 0.131250 0.533958
5 0.231250 0.606557 0.310937 0.606557 0.310937 0.875878 0.231250 0.875878
5 0.284375 0.402810 0.487500 0.402810 0.487500 0.578454 0.284375 0.578454
