0 0.604000 0.104667 0.703333 0.104667 0.703333 0.202667 0.604000 0.202667
0 0.356000 0.382667 0.402667 0.382667 0.402667 0.431333 0.356000 0.431333
0 0.381333 0.456667 0.468667 0.456667 0.468667 0.528667 0.381333 0.528667
0 0.320667 0.546000 0.406000 0.546000 0.406000 0.632667 0.320667 0.632667
0 0.364000 0.630667 0.410000 0.630667 0.410000 0.676000 0.364000 0.676000
0 0.423333 0.640000 0.468000 0.640000 0.468000 0.686000 0.423333 0.686000
0 0.387333 0.530667 0.426000 0.530667 0.426000 0.568000 0.387333 0.568000
0 0.574000 0.311333 0.676000 0.311333 0.676000 0.410667 0.574000 0.410667
0 0.632667 0.369333 0.675333 0.369333 0.675333 0.410000 0.632667 0.410000
0 0.640000 0.251333 0.686000 0.251333 0.686000 0.290667 0.640000 0.290667
0 0.653333 0.196000 0.736667 0.196000 0.736667 0.276000 0.653333 0.276000
0 0.736667 0.168000 0.820667 0.168000 0.820667 0.256667 0.736667 0.256667
0 0.718000 0.229333 0.761333 0.229333 0.761333 0.272000 0.718000 0.272000
0 0.633333 0.270000 0.740000 0.270000 0.740000 0.341333 0.633333 0.341333
0 0.740667 0.247333 0.814000 0.247333 0.814000 0.314667 0.740667 0.314667
0 0.738667 0.288000 0.783333 0.288000 0.783333 0.337333 0.738667 0.337333
0 0.702667 0.342000 0.793333 0.342000 0.793333 0.443333 0.702667 0.443333
0 0.770667 0.383333 0.828000 0.383333 0.828000 0.455333 0.770667 0.455333
0 0.824667 0.373333 0.872000 0.373333 0.872000 0.424667 0.824667 0.424667
0 0.844667 0.341333 0.935333 0.341333 0.935333 0.434667 0.844667 0.434667
0 0.848000 0.435333 0.894667 0.435333 0.894667 0.481333 0.848000 0.481333
0 0.703333 0.672667 0.756667 0.672667 0.756667 0.725333 0.703333 0.725333
3 0.427333 0.156000 0.652667 0.156000 0.652667 0.379333 0.427333 0.379333
3 0.471333 0.391333 0.690667 0.391333 0.690667 0.628000 0.471333 0.628000
3 0.659333 0.470667 0.884667 0.470667 0.884667 0.690000 0.659333 0.690000
3 0.442667 0.611333 0.720000 0.611333 0.720000 0.790000 0.442667 0.790000
3 0.801333 0.343333 0.828667 0.343333 0.828667 0.384667 0.801333 0.384667
5 0.277333 0.268667 0.432667 0.268667 0.432667 0.404000 0.277333 0.404000
5 0.434667 0.383333 0.492000 0.383333 0.492000 0.475333 0.434667 0.475333
