0 0.557788 0.429233 0.914435 0.429233 0.914435 0.676587 0.557788 0.676587
0 0.257937 0.590278 0.550099 0.590278 0.550099 0.724206 0.257937 0.724206
0 0.559524 0.031746 0.872768 0.031746 0.872768 0.325397 0.559524 0.325397
0 0.289931 0.056217 0.549107 0.056217 0.549107 0.394180 0.289931 0.394180
0 0.519841 0.041667 0.657738 0.041667 0.657738 0.132606 0.519841 0.132606
0 0.237351 0.112434 0.383681 0.112434 0.383681 0.243056 0.237351 0.243056
0 0.166171 0.226852 0.312748 0.226852 0.312748 0.435185 0.166171 0.435185
5 0.000000 0.249339 0.295635 0.249339 0.295635 0.958664 0.000000 0.958664
5 0.126240 0.455026 0.391121 0.455026 0.391121 0.670966 0.126240 0.670966
0 0.240327 0.738757 0.533730 0.738757 0.533730 0.874669 0.240327 0.874669
0 0.398810 0.613757 0.705605 0.613757 0.705605 0.796296 0.398810 0.796296
0 0.914435 0.556217 0.914435 0.551918 0.912946 0.544974 0.908482 0.532407 0.905258 0.515873 0.900546 0.501323 0.896825 0.492063 0.890377 0.478836 0.880952 0.468915 0.871032 0.461640 0.845486 0.448743 0.841022 0.445437 0.834821 0.442130 0.826141 0.438823 0.811756 0.436177 0.803571 0.435516 0.794395 0.432209 0.784722 0.431878 0.769345 0.429233 0.748264 0.429563 0.735615 0.430886 0.731647 0.432540 0.720982 0.434524 0.717014 0.436508 0.712054 0.437169 0.703621 0.440146 0.688740 0.443122 0.684524 0.445106 0.680556 0.445767 0.677579 0.447421 0.673611 0.448082 0.669147 0.450397 0.657242 0.452050 0.653770 0.453704 0.650050 0.454365 0.642113 0.458003 0.638889 0.460979 0.635913 0.462302 0.630456 0.466601 0.625000 0.468915 0.614335 0.476190 0.610367 0.477844 0.606895 0.483135 0.603919 0.484788 0.598462 0.491071 0.595238 0.493056 0.593006 0.497354 0.593006 0.499008 0.594246 0.501653 0.594246 0.503968 0.593006 0.512566 0.593006 0.517526 0.592014 0.520172 0.591022 0.521495 0.588046 0.521495 0.585565 0.528770 0.581845 0.532738 0.578621 0.534392 0.576637 0.537698 0.571925 0.538690 0.568700 0.541997 0.564236 0.543981 0.559524 0.547950 0.557788 0.551587 0.557788 0.553571 0.558780 0.556217 0.561012 0.558201 0.571181 0.560185 0.589286 0.559193 0.604167 0.559524 0.609127 0.558201 0.611607 0.556548 0.616567 0.557540 0.618800 0.559854 0.618800 0.560847 0.613343 0.575728 0.612351 0.583995 0.610615 0.587302 0.608879 0.598876 0.609127 0.603505 0.610119 0.605159 0.611607 0.605820 0.613095 0.605159 0.616567 0.600529 0.618304 0.596892 0.620040 0.595238 0.620784 0.591601 0.624752 0.586310 0.625744 0.583333 0.627232 0.581349 0.629960 0.580688 0.637897 0.581019 0.639881 0.583003 0.640873 0.586640 0.642113 0.588624 0.642609 0.591601 0.639633 0.595569 0.638889 0.600860 0.636161 0.607143 0.639633 0.611772 0.643105 0.619048 0.661210 0.626653 0.673363 0.634259 0.678323 0.636243 0.682292 0.638889 0.689980 0.641534 0.704365 0.650132 0.717262 0.655754 0.725198 0.658399 0.751488 0.671627 0.762649 0.674934 0.774802 0.676587 0.788442 0.676587 0.802579 0.674934 0.818700 0.670966 0.823165 0.668651 0.832589 0.665675 0.834573 0.664352 0.835317 0.663029 0.837798 0.654431 0.840278 0.651455 0.844990 0.648479 0.872768 0.636243 0.876736 0.633267 0.880952 0.631283 0.887897 0.622685 0.891121 0.616071 0.891865 0.612765 0.897321 0.599537 0.900546 0.587963 0.905506 0.576389 0.906250 0.572090 0.907490 0.568783 0.910466 0.564484 0.913442 0.561508
0 0.548363 0.615410 0.543155 0.613095 0.540923 0.609788 0.537450 0.610450 0.535962 0.609127 0.532738 0.608466 0.530754 0.606151 0.525298 0.602183 0.521825 0.597222 0.518105 0.595569 0.515129 0.591931 0.511905 0.590278 0.509177 0.590608 0.507440 0.594577 0.501736 0.598876 0.500248 0.602844 0.493552 0.605489 0.491815 0.610119 0.490327 0.611772 0.486607 0.611772 0.483383 0.608796 0.478175 0.605489 0.475198 0.602183 0.471726 0.600529 0.467014 0.596892 0.459573 0.598545 0.456845 0.598545 0.450397 0.596561 0.435764 0.597884 0.422371 0.603175 0.412698 0.608796 0.407490 0.610450 0.402282 0.613757 0.396081 0.616402 0.390625 0.617725 0.381200 0.624339 0.377728 0.625992 0.375248 0.628307 0.372768 0.632275 0.369296 0.633598 0.365575 0.637897 0.358135 0.641534 0.354167 0.642526 0.341766 0.647817 0.334077 0.649140 0.310764 0.650463 0.299107 0.653439 0.295387 0.655754 0.290675 0.657077 0.282738 0.662037 0.278522 0.666336 0.267361 0.669974 0.260665 0.673280 0.259425 0.674934 0.257937 0.679563 0.257937 0.685185 0.259177 0.689153 0.266121 0.698743 0.278522 0.709656 0.283978 0.712302 0.297867 0.714947 0.307540 0.719246 0.316964 0.720569 0.331101 0.720899 0.339038 0.722222 0.345238 0.724206 0.357143 0.723214 0.388393 0.723545 0.392361 0.721561 0.397321 0.721892 0.401538 0.720238 0.406250 0.719577 0.416915 0.713955 0.421627 0.710648 0.423611 0.708333 0.427579 0.706349 0.435020 0.701058 0.439980 0.695106 0.444196 0.691799 0.446429 0.689153 0.452133 0.685847 0.458085 0.680556 0.469990 0.672619 0.476190 0.670966 0.479415 0.668651 0.491071 0.663029 0.493800 0.660714 0.502232 0.656085 0.510169 0.654762 0.516865 0.651455 0.529514 0.647156 0.533482 0.643519 0.543899 0.638889 0.549851 0.634259 0.550099 0.631614 0.548363 0.626984 0.549107 0.624008 0.549107 0.622024 0.547867 0.619378
0 0.872520 0.111111 0.861111 0.095899 0.850942 0.073413 0.838046 0.053571 0.835565 0.046627 0.833333 0.044643 0.822421 0.040344 0.786706 0.036706 0.782738 0.035714 0.778522 0.032738 0.775298 0.031746 0.753720 0.033730 0.742808 0.036045 0.736359 0.038029 0.728423 0.043651 0.724950 0.047950 0.719246 0.051257 0.712054 0.053571 0.704613 0.057209 0.701141 0.059854 0.688988 0.065146 0.684772 0.067791 0.681796 0.068452 0.677083 0.071098 0.665675 0.074735 0.661458 0.077050 0.658234 0.077712 0.653522 0.081349 0.649802 0.082672 0.647321 0.084656 0.634177 0.089947 0.630208 0.092593 0.625000 0.094246 0.622272 0.096230 0.618056 0.097884 0.614831 0.100529 0.602927 0.105489 0.599454 0.107804 0.594742 0.109127 0.591518 0.111772 0.587302 0.113426 0.584325 0.116071 0.579117 0.119048 0.575397 0.124339 0.574157 0.125000 0.563740 0.126984 0.562500 0.129960 0.563244 0.137897 0.562748 0.158730 0.560516 0.170635 0.559524 0.185516 0.559772 0.186508 0.561260 0.186839 0.564732 0.184854 0.568700 0.184854 0.571677 0.183201 0.576637 0.182870 0.591270 0.186839 0.606647 0.187169 0.611607 0.185185 0.612351 0.182870 0.614087 0.180556 0.618800 0.177910 0.621280 0.177249 0.631200 0.177910 0.633929 0.181217 0.634177 0.184854 0.634673 0.185516 0.637897 0.186508 0.641369 0.190476 0.641617 0.194444 0.642857 0.197421 0.641865 0.200066 0.642113 0.208995 0.642857 0.210648 0.644593 0.211640 0.648313 0.216931 0.652530 0.217593 0.655258 0.216601 0.658482 0.211310 0.660466 0.210979 0.661954 0.209325 0.664435 0.208333 0.670387 0.207672 0.673115 0.204365 0.677827 0.203373 0.680804 0.200397 0.685764 0.197421 0.687996 0.195106 0.697173 0.189815 0.705109 0.187169 0.713294 0.182870 0.716766 0.182540 0.720238 0.180225 0.721230 0.180556 0.722718 0.186839 0.723214 0.197421 0.719990 0.207011 0.719246 0.217593 0.720982 0.219577 0.724206 0.219577 0.727679 0.217923 0.729663 0.218585 0.732887 0.223876 0.737599 0.236442 0.741071 0.262566 0.740823 0.264881 0.738095 0.272487 0.734375 0.278770 0.733135 0.279431 0.722718 0.278770 0.714782 0.274802 0.705357 0.272156 0.702381 0.269511 0.699405 0.268188 0.692460 0.268188 0.682044 0.266204 0.674603 0.265873 0.661706 0.266865 0.659970 0.268519 0.659474 0.270503 0.659474 0.278770 0.657986 0.282407 0.657986 0.284061 0.660466 0.292989 0.660466 0.295635 0.659226 0.298942 0.659474 0.301918 0.661954 0.305556 0.664931 0.307209 0.677331 0.309854 0.681052 0.312500 0.687004 0.315146 0.700397 0.318122 0.705605 0.320106 0.720982 0.323413 0.727183 0.324074 0.742808 0.324405 0.751488 0.325397 0.755456 0.324735 0.760169 0.321429 0.763889 0.319775 0.765873 0.318122 0.768105 0.314815 0.771825 0.313161 0.775050 0.309524 0.780010 0.305556 0.783482 0.299603 0.786954 0.297288 0.792163 0.290344 0.794891 0.288029 0.799107 0.281746 0.811012 0.270172 0.814732 0.265542 0.820188 0.261243 0.822669 0.257606 0.826389 0.248016 0.831349 0.237765 0.836806 0.231812 0.842262 0.222222 0.852679 0.202050 0.857887 0.190807 0.858879 0.187500 0.860367 0.177249 0.861359 0.160053 0.863095 0.150463 0.864087 0.135251 0.867312 0.126984 0.872024 0.119048 0.872768 0.115741
0 0.514633 0.086971 0.511161 0.085648 0.500744 0.078373 0.496280 0.076720 0.495040 0.075066 0.492808 0.067460 0.490079 0.064815 0.486855 0.063492 0.483879 0.064153 0.474206 0.063823 0.467262 0.064484 0.462550 0.062500 0.459077 0.057870 0.457589 0.056878 0.454117 0.056217 0.447669 0.061508 0.444940 0.062500 0.442460 0.064484 0.438988 0.065476 0.434772 0.070767 0.431300 0.071098 0.428323 0.076389 0.422123 0.077712 0.419147 0.082341 0.416419 0.082341 0.415427 0.083003 0.407490 0.092923 0.402778 0.101521 0.400050 0.103175 0.396825 0.107474 0.392361 0.108466 0.388145 0.111111 0.384177 0.114749 0.380952 0.119048 0.380952 0.123347 0.379216 0.124669 0.377976 0.128638 0.375992 0.130291 0.375744 0.131614 0.377480 0.134259 0.376488 0.135913 0.375744 0.135913 0.374256 0.133598 0.371528 0.133267 0.371528 0.129630 0.374504 0.127976 0.374504 0.126323 0.373760 0.125331 0.372024 0.125661 0.371280 0.128638 0.367312 0.128638 0.365823 0.125661 0.364335 0.126323 0.364087 0.128307 0.365823 0.129960 0.366071 0.132275 0.366815 0.133267 0.371528 0.133267 0.372272 0.135913 0.374256 0.135913 0.375000 0.136574 0.374752 0.140212 0.373264 0.141865 0.373264 0.143188 0.374256 0.144841 0.374256 0.147156 0.372768 0.149802 0.373760 0.153439 0.373760 0.155423 0.373016 0.157077 0.373512 0.162368 0.370784 0.164021 0.368056 0.167659 0.366815 0.171296 0.365327 0.173611 0.364583 0.177910 0.360615 0.181878 0.357887 0.181878 0.358631 0.183862 0.358383 0.185847 0.356151 0.187831 0.355407 0.191468 0.352927 0.193783 0.351687 0.197751 0.351190 0.202050 0.349950 0.205026 0.349702 0.208333 0.344246 0.214286 0.343502 0.216601 0.339038 0.222553 0.336558 0.224537 0.334573 0.229167 0.334325 0.231812 0.328869 0.238095 0.328373 0.242725 0.329365 0.247685 0.332093 0.251323 0.331101 0.252646 0.327381 0.253638 0.325893 0.255622 0.322421 0.256283 0.319692 0.260251 0.315476 0.268849 0.312004 0.272156 0.310268 0.275132 0.310764 0.279431 0.308036 0.282407 0.305556 0.289683 0.304812 0.294312 0.303075 0.299603 0.303075 0.302249 0.301091 0.305225 0.299107 0.310847 0.299355 0.314815 0.294395 0.321759 0.295139 0.325728 0.293403 0.328704 0.293155 0.333664 0.291667 0.340939 0.292411 0.345238 0.291667 0.348876 0.291915 0.354497 0.290427 0.356812 0.290427 0.357804 0.291667 0.359458 0.291915 0.361772 0.289931 0.364087 0.289931 0.366071 0.292411 0.368717 0.292411 0.371032 0.291419 0.372685 0.291915 0.376653 0.290179 0.379299 0.289931 0.380952 0.292659 0.384590 0.292659 0.385913 0.291171 0.387897 0.291171 0.388889 0.293155 0.390212 0.293899 0.394180 0.296627 0.394180 0.297371 0.390873 0.300595 0.389550 0.300347 0.387235 0.297619 0.385913 0.297371 0.384921 0.297867 0.383929 0.300099 0.383598 0.301587 0.386243 0.303323 0.385913 0.303571 0.384259 0.301835 0.381944 0.301835 0.380622 0.303571 0.379299 0.304315 0.377646 0.304067 0.374339 0.303323 0.373016 0.304067 0.371032 0.304067 0.368056 0.302331 0.365079 0.304067 0.363757 0.304563 0.359458 0.306300 0.357474 0.305060 0.355159 0.305308 0.353175 0.307292 0.352183 0.310516 0.353836 0.312500 0.351852 0.315724 0.350860 0.317708 0.347884 0.319196 0.346892 0.320933 0.341601 0.321181 0.338294 0.322173 0.336640 0.327877 0.333003 0.330357 0.330026 0.333581 0.330357 0.334573 0.329696 0.335565 0.326389 0.337798 0.322090 0.342758 0.321759 0.347222 0.320106 0.348710 0.317460 0.351190 0.315476 0.353671 0.306548 0.358383 0.302579 0.358383 0.298611 0.360863 0.295304 0.361359 0.291667 0.363591 0.289021 0.365575 0.275794 0.368056 0.271825 0.368304 0.267526 0.371776 0.264881 0.373016 0.263228 0.373512 0.260582 0.374504 0.259259 0.377480 0.258929 0.378720 0.260251 0.377480 0.261574 0.374008 0.261574 0.373760 0.263228 0.374752 0.264220 0.377976 0.264550 0.380456 0.263228 0.384177 0.266534 0.389137 0.265873 0.391865 0.267526 0.391617 0.268188 0.383929 0.269511 0.381200 0.271825 0.381200 0.280754 0.381944 0.282077 0.384921 0.283399 0.384673 0.284061 0.383185 0.284392 0.382192 0.286045 0.382440 0.289021 0.384673 0.291005 0.382192 0.292659 0.381944 0.296958 0.386409 0.297950 0.387401 0.300595 0.383929 0.300926 0.382937 0.301918 0.383185 0.303571 0.385913 0.305225 0.386409 0.306878 0.382688 0.309854 0.383185 0.314153 0.379960 0.316799 0.377232 0.317791 0.377232 0.319114 0.378968 0.320106 0.380208 0.322090 0.385417 0.320437 0.388393 0.316799 0.390377 0.316799 0.391617 0.319114 0.393105 0.319114 0.393353 0.317460 0.391121 0.316468 0.390873 0.314153 0.391865 0.312831 0.393849 0.312500 0.394841 0.311508 0.395337 0.309193 0.397073 0.307209 0.397073 0.305556 0.395833 0.304233 0.394841 0.301587 0.390377 0.299603 0.391121 0.297619 0.393105 0.296958 0.394345 0.295304 0.394345 0.294312 0.392113 0.292328 0.391617 0.290675 0.395089 0.288360 0.396081 0.286706 0.398313 0.288690 0.401786 0.289352 0.402530 0.290675 0.402282 0.291997 0.398562 0.293981 0.398562 0.295966 0.399802 0.296958 0.402282 0.296958 0.403274 0.299603 0.404018 0.299934 0.405010 0.299603 0.405010 0.297619 0.403026 0.296296 0.403274 0.294312 0.405754 0.292659 0.406250 0.288690 0.408978 0.288360 0.409722 0.287037 0.408978 0.285053 0.407242 0.284392 0.406746 0.283399 0.406994 0.282077 0.409226 0.280093 0.408978 0.278770 0.406498 0.278439 0.405506 0.280093 0.404018 0.280093 0.403770 0.278770 0.405258 0.277447 0.405506 0.274802 0.402034 0.269841 0.399554 0.269841 0.398313 0.270833 0.398562 0.272817 0.402282 0.274802 0.401786 0.276124 0.398313 0.277116 0.397569 0.278108 0.397321 0.280093 0.395337 0.282077 0.394345 0.285053 0.392113 0.285384 0.390625 0.283730 0.390873 0.282077 0.392113 0.280423 0.393353 0.280093 0.393353 0.279101 0.390873 0.276455 0.390873 0.274802 0.391617 0.273479 0.394345 0.272156 0.394593 0.271164 0.394345 0.269511 0.392609 0.267857 0.397569 0.265212 0.401538 0.264550 0.401786 0.263228 0.398810 0.259921 0.399554 0.258598 0.402530 0.257275 0.405506 0.252976 0.405258 0.250992 0.402778 0.249669 0.401786 0.247685 0.402034 0.245701 0.403770 0.245040 0.404514 0.243717 0.403522 0.240741 0.404018 0.239749 0.406002 0.241071 0.411706 0.241071 0.412450 0.244378 0.413938 0.242725 0.416915 0.242394 0.417659 0.243386 0.417411 0.244378 0.414435 0.246362 0.414435 0.248677 0.418155 0.250000 0.418899 0.252315 0.419891 0.253307 0.422123 0.252976 0.423363 0.251323 0.424107 0.251653 0.424603 0.252646 0.423115 0.255622 0.427827 0.256283 0.427331 0.259259 0.428323 0.259921 0.428571 0.257937 0.429315 0.257275 0.433284 0.257275 0.435268 0.255622 0.438244 0.257275 0.440724 0.256944 0.441468 0.255291 0.440724 0.253968 0.439236 0.253638 0.438244 0.252315 0.438740 0.250992 0.441220 0.250992 0.442956 0.252646 0.444692 0.252315 0.445437 0.249339 0.444692 0.244048 0.444940 0.241733 0.447669 0.240741 0.447917 0.239418 0.445437 0.239087 0.443948 0.240741 0.441964 0.238426 0.438244 0.238095 0.437004 0.236772 0.437996 0.234788 0.441964 0.234127 0.442956 0.231812 0.443700 0.231812 0.444444 0.234127 0.445685 0.234788 0.449653 0.234127 0.452877 0.231151 0.453125 0.227844 0.453869 0.226852 0.458581 0.227183 0.460565 0.229167 0.460317 0.231812 0.462054 0.233135 0.464038 0.232804 0.464534 0.231481 0.463046 0.228175 0.464286 0.225860 0.464286 0.224206 0.461806 0.221561 0.461558 0.220238 0.461806 0.218915 0.463294 0.217262 0.462798 0.216270 0.459573 0.216270 0.456349 0.217262 0.455605 0.220899 0.453125 0.222884 0.452381 0.226190 0.450893 0.226521 0.449157 0.224868 0.448413 0.222884 0.446429 0.221230 0.446925 0.219907 0.449157 0.219246 0.450149 0.217923 0.449901 0.213955 0.447421 0.213955 0.446181 0.212963 0.446429 0.211971 0.448661 0.210979 0.448661 0.208333 0.445188 0.208003 0.442956 0.209987 0.441716 0.207011 0.439236 0.207011 0.438244 0.208333 0.438244 0.209656 0.440972 0.210648 0.441716 0.211640 0.441716 0.216270 0.437004 0.223545 0.436756 0.225529 0.437500 0.228836 0.435268 0.231151 0.427331 0.231812 0.424107 0.230820 0.423363 0.231481 0.423115 0.233135 0.425347 0.236111 0.424107 0.237434 0.421379 0.237765 0.421131 0.240741 0.419643 0.242394 0.418155 0.242063 0.417163 0.239418 0.413690 0.238757 0.412946 0.237765 0.412698 0.235450 0.410962 0.233796 0.410962 0.232143 0.412698 0.230820 0.414931 0.227183 0.418651 0.225860 0.420387 0.224206 0.423859 0.226521 0.426339 0.226190 0.428075 0.224868 0.428323 0.223876 0.427331 0.222222 0.424851 0.222884 0.422619 0.222553 0.421131 0.219907 0.417907 0.218254 0.416419 0.216270 0.414683 0.215939 0.413938 0.212963 0.414931 0.210648 0.417163 0.209987 0.419147 0.208333 0.419891 0.208333 0.422867 0.211971 0.424603 0.211971 0.429563 0.208995 0.429315 0.202381 0.430060 0.198082 0.431052 0.195437 0.433036 0.193122 0.434028 0.190146 0.430804 0.185847 0.431300 0.184854 0.434276 0.182540 0.436012 0.182540 0.438492 0.185847 0.438492 0.188823 0.439484 0.193122 0.442956 0.196759 0.445437 0.193122 0.445437 0.188823 0.443948 0.185185 0.445685 0.181878 0.451141 0.178571 0.454365 0.180225 0.456349 0.179894 0.457837 0.176587 0.459573 0.175265 0.464038 0.168651 0.467262 0.166005 0.472222 0.163360 0.474206 0.161045 0.475198 0.161045 0.480407 0.165344 0.483383 0.169643 0.483383 0.170635 0.481399 0.171958 0.479911 0.175926 0.476935 0.176918 0.477431 0.178902 0.480407 0.178902 0.481647 0.176918 0.483135 0.175926 0.484127 0.171958 0.485367 0.171296 0.487599 0.171958 0.489831 0.175265 0.492063 0.182540 0.492312 0.186839 0.494296 0.189815 0.493304 0.192460 0.493304 0.194444 0.494296 0.197421 0.493056 0.201389 0.492063 0.210648 0.495288 0.213624 0.496032 0.217262 0.497768 0.219907 0.497768 0.220899 0.494544 0.222222 0.490575 0.221892 0.488591 0.223876 0.482639 0.224537 0.479911 0.222884 0.475942 0.223214 0.475446 0.223876 0.475694 0.225529 0.479415 0.226852 0.480407 0.228175 0.480407 0.229167 0.478919 0.230820 0.474206 0.230159 0.472470 0.232143 0.472966 0.233135 0.474702 0.233796 0.478671 0.234127 0.480159 0.235780 0.479911 0.237765 0.476935 0.239749 0.476935 0.240741 0.481399 0.242063 0.482639 0.244709 0.482887 0.248347 0.486855 0.252315 0.484871 0.255291 0.485615 0.258267 0.487103 0.260251 0.485863 0.263558 0.486855 0.265212 0.490575 0.267857 0.490079 0.272487 0.491319 0.275794 0.490327 0.278108 0.490327 0.279762 0.491319 0.281085 0.494792 0.283069 0.494792 0.284061 0.492312 0.286045 0.492063 0.287368 0.495040 0.290675 0.494296 0.295304 0.495784 0.298611 0.496280 0.306878 0.498264 0.310185 0.501736 0.311177 0.504712 0.306878 0.509673 0.302249 0.510913 0.299272 0.514881 0.294643 0.520585 0.285384 0.525546 0.279431 0.527034 0.275794 0.530506 0.271495 0.531994 0.266865 0.533978 0.263889 0.534722 0.260251 0.537698 0.254960 0.537946 0.252315 0.539683 0.248016 0.539931 0.243386 0.540923 0.240079 0.539931 0.227513 0.541171 0.212632 0.542659 0.209656 0.543155 0.207011 0.545139 0.204696 0.544891 0.196759 0.546627 0.190476 0.546627 0.188161 0.545635 0.184854 0.545635 0.180886 0.546875 0.178902 0.548363 0.178571 0.549107 0.177579 0.547371 0.175595 0.546379 0.170304 0.546379 0.165344 0.547619 0.162698 0.547619 0.161376 0.546379 0.158399 0.546875 0.154101 0.543155 0.149471 0.542163 0.145833 0.539931 0.142526 0.539683 0.138889 0.536458 0.134259 0.535218 0.130622 0.532738 0.127976 0.531746 0.123677 0.528770 0.120040 0.526042 0.118717 0.525050 0.116071 0.522817 0.113426 0.522321 0.110450 0.516865 0.104167 0.518353 0.098876 0.516865 0.096230 0.516617 0.091270
0 0.657738 0.072421 0.651290 0.063823 0.643849 0.055886 0.632440 0.047619 0.626736 0.045304 0.623760 0.043320 0.619792 0.041667 0.594742 0.042989 0.587054 0.044974 0.576141 0.049934 0.571429 0.050926 0.562996 0.055886 0.559772 0.058862 0.553075 0.061839 0.544147 0.063823 0.540923 0.063823 0.536706 0.066138 0.533234 0.071429 0.531994 0.079034 0.531002 0.080357 0.525050 0.083664 0.520833 0.087302 0.520089 0.088955 0.519841 0.092262 0.521081 0.094246 0.529762 0.099206 0.533482 0.106481 0.536706 0.107143 0.538690 0.108796 0.544891 0.110780 0.545635 0.111772 0.546131 0.114418 0.546379 0.122024 0.548611 0.127315 0.549107 0.130622 0.550347 0.131944 0.552331 0.132606 0.554563 0.130622 0.558036 0.129299 0.562004 0.125992 0.568948 0.124008 0.580605 0.115741 0.583581 0.114418 0.595486 0.106481 0.616071 0.098214 0.619792 0.095569 0.629960 0.091270 0.635169 0.087963 0.638889 0.086971 0.654514 0.079365 0.657242 0.076720
0 0.383433 0.113757 0.381448 0.112434 0.376984 0.113095 0.372768 0.116402 0.368304 0.118056 0.364583 0.121693 0.352927 0.129299 0.350198 0.132275 0.344990 0.135251 0.340774 0.139550 0.337798 0.140873 0.325149 0.149802 0.318700 0.156085 0.313988 0.158730 0.310268 0.162368 0.306300 0.164021 0.303075 0.166997 0.299603 0.168981 0.282490 0.187500 0.280258 0.192791 0.260665 0.218585 0.258681 0.219907 0.253968 0.225529 0.250248 0.227844 0.247520 0.231812 0.240575 0.236442 0.237351 0.240410 0.237847 0.242394 0.239831 0.243056 0.246528 0.240410 0.252232 0.235119 0.256448 0.233796 0.267361 0.225860 0.273065 0.222884 0.275298 0.219907 0.279266 0.219577 0.283482 0.216601 0.287698 0.215608 0.293403 0.216601 0.302331 0.220899 0.307540 0.226852 0.311012 0.228836 0.312252 0.231812 0.313740 0.233466 0.317708 0.234788 0.320188 0.234788 0.326885 0.233135 0.342758 0.215939 0.344246 0.211971 0.350198 0.203373 0.352679 0.197090 0.359375 0.185847 0.360615 0.181548 0.368056 0.170304 0.372520 0.162368 0.374256 0.155093 0.374256 0.150132 0.375248 0.143519 0.376736 0.138889 0.378968 0.126323 0.381944 0.118056 0.383681 0.115410
0 0.311012 0.259921 0.309772 0.258267 0.305556 0.256283 0.304563 0.256944 0.304067 0.259921 0.302083 0.261243 0.299851 0.259259 0.303075 0.256283 0.303075 0.255291 0.302083 0.254299 0.296627 0.253968 0.294395 0.254630 0.289931 0.252976 0.287202 0.250992 0.283730 0.250992 0.282738 0.250331 0.281002 0.247354 0.280010 0.243717 0.281250 0.241733 0.283482 0.240741 0.283730 0.239749 0.280754 0.237103 0.282490 0.233466 0.282490 0.231481 0.281746 0.229497 0.279762 0.227513 0.275794 0.226852 0.272817 0.230159 0.269097 0.232143 0.268601 0.233135 0.269841 0.234788 0.274554 0.236772 0.273313 0.238095 0.272817 0.239749 0.274554 0.244048 0.271329 0.248016 0.268849 0.246362 0.267113 0.247024 0.267113 0.249008 0.268353 0.251653 0.267113 0.254299 0.266617 0.259259 0.265873 0.260251 0.263641 0.260913 0.260169 0.258598 0.252480 0.263228 0.248512 0.269180 0.242808 0.273810 0.240079 0.277447 0.235863 0.281085 0.230159 0.288690 0.228175 0.290013 0.225446 0.293981 0.219742 0.297950 0.217758 0.300926 0.212798 0.304563 0.209325 0.306217 0.201885 0.306217 0.196677 0.312500 0.194692 0.318452 0.188988 0.328042 0.186012 0.341270 0.182540 0.346892 0.179812 0.353505 0.178571 0.358135 0.173363 0.370040 0.171627 0.383929 0.171379 0.396164 0.170139 0.400463 0.169395 0.406085 0.166171 0.408399 0.166419 0.416997 0.168403 0.419643 0.175595 0.421627 0.178323 0.422950 0.180060 0.424934 0.181548 0.428571 0.186260 0.431217 0.194444 0.432209 0.196677 0.430886 0.200397 0.430225 0.202133 0.428902 0.205109 0.422619 0.208581 0.421296 0.213046 0.421296 0.216766 0.423280 0.220486 0.430556 0.226190 0.433201 0.227183 0.435185 0.230903 0.435185 0.236607 0.431878 0.238095 0.427579 0.242063 0.423942 0.242063 0.422950 0.239831 0.420966 0.239335 0.419312 0.240823 0.417989 0.242560 0.412368 0.246528 0.404762 0.246280 0.393188 0.247272 0.391865 0.249752 0.390542 0.253224 0.389881 0.260169 0.390212 0.261905 0.388228 0.260417 0.386243 0.254216 0.386243 0.251736 0.385251 0.252728 0.384259 0.255952 0.383598 0.262153 0.383598 0.264633 0.381614 0.268105 0.381283 0.269097 0.377315 0.276042 0.375000 0.278770 0.372024 0.280010 0.368386 0.281002 0.361442 0.282490 0.357143 0.282738 0.353175 0.286706 0.348545 0.287202 0.346230 0.289683 0.342262 0.289931 0.337302 0.291171 0.333664 0.291915 0.328042 0.293651 0.323082 0.295883 0.319114 0.296379 0.314484 0.297619 0.310847 0.298363 0.303241 0.298115 0.299603 0.299355 0.297619 0.303075 0.295635 0.303571 0.291667 0.305060 0.288029 0.306052 0.283069 0.310516 0.276124 0.312004 0.272487 0.312748 0.268519 0.312748 0.263889
5 0.072917 0.254299 0.067956 0.260913 0.057788 0.261905 0.053323 0.264881 0.048115 0.266865 0.045635 0.274140 0.041915 0.279431 0.037698 0.284061 0.033234 0.285384 0.027034 0.291667 0.024306 0.298942 0.024802 0.302249 0.023065 0.305556 0.022073 0.315146 0.020833 0.316799 0.017609 0.315807 0.013889 0.315807 0.012897 0.316468 0.010665 0.319775 0.008681 0.320767 0.007440 0.322421 0.006944 0.326720 0.007937 0.330357 0.006696 0.331680 0.000000 0.333995 0.000000 0.408399 0.002480 0.408399 0.005208 0.407077 0.008929 0.399140 0.014137 0.394511 0.017857 0.392526 0.020337 0.392196 0.025050 0.392526 0.029514 0.395833 0.034226 0.400794 0.036954 0.407738 0.036954 0.411706 0.036210 0.415344 0.036706 0.420635 0.035962 0.423611 0.035962 0.427579 0.034226 0.429233 0.025298 0.433201 0.023313 0.436177 0.018849 0.438823 0.016617 0.441799 0.014881 0.447090 0.015377 0.451389 0.009673 0.462632 0.008433 0.470569 0.008433 0.483796 0.008929 0.486772 0.010169 0.489087 0.014633 0.493056 0.015625 0.495370 0.015873 0.498677 0.014137 0.509259 0.015625 0.522817 0.021081 0.528108 0.025298 0.526455 0.029762 0.526455 0.031746 0.529101 0.032986 0.532077 0.036210 0.535053 0.037698 0.537698 0.038442 0.544643 0.037202 0.546627 0.032490 0.547619 0.028770 0.550595 0.026786 0.549934 0.024554 0.550265 0.020089 0.554233 0.019097 0.555886 0.019097 0.557870 0.020089 0.560847 0.022569 0.564815 0.024306 0.570767 0.026538 0.575066 0.030754 0.580026 0.032490 0.584656 0.037450 0.585979 0.038938 0.588294 0.039435 0.592262 0.039435 0.599537 0.036458 0.604167 0.033234 0.604828 0.031002 0.608135 0.029762 0.608796 0.025050 0.609127 0.023313 0.611442 0.023065 0.615741 0.023562 0.619048 0.027530 0.626984 0.025794 0.637235 0.025794 0.643519 0.029514 0.654762 0.031498 0.663360 0.032738 0.665344 0.037450 0.669643 0.036210 0.671958 0.032738 0.674603 0.032242 0.680225 0.032490 0.681548 0.036954 0.686508 0.038194 0.690146 0.037946 0.706349 0.039187 0.714286 0.039187 0.717593 0.041171 0.724206 0.046875 0.727513 0.050347 0.730820 0.054067 0.735780 0.055804 0.740741 0.059276 0.743056 0.062252 0.747024 0.064484 0.755291 0.067460 0.758267 0.069692 0.762566 0.071429 0.767857 0.071677 0.772156 0.072669 0.774802 0.072669 0.783730 0.071925 0.786706 0.072173 0.802910 0.075893 0.811177 0.076389 0.815807 0.075893 0.822090 0.076885 0.826389 0.075397 0.828373 0.072669 0.829365 0.071429 0.832011 0.071181 0.834987 0.071925 0.837632 0.071429 0.850198 0.072669 0.851521 0.074157 0.851852 0.075893 0.854167 0.077629 0.854828 0.080109 0.858135 0.083333 0.858135 0.091518 0.864418 0.094990 0.865741 0.096726 0.865741 0.099454 0.864418 0.102927 0.867725 0.107639 0.868717 0.109127 0.867063 0.115079 0.864749 0.118304 0.866402 0.122768 0.867063 0.126736 0.869709 0.130456 0.869709 0.131944 0.871362 0.132192 0.873677 0.130208 0.877315 0.127480 0.880291 0.127480 0.881614 0.130456 0.882606 0.133185 0.885251 0.133185 0.888558 0.131696 0.892526 0.134177 0.897156 0.143353 0.897487 0.146081 0.896164 0.148562 0.897156 0.151538 0.897156 0.154762 0.895833 0.160218 0.899140 0.162450 0.901786 0.163194 0.901786 0.164931 0.899802 0.166419 0.899802 0.167163 0.900794 0.167163 0.902116 0.165427 0.903108 0.165179 0.904762 0.166667 0.906415 0.167411 0.909061 0.172867 0.912698 0.177331 0.913029 0.179315 0.914352 0.182292 0.915013 0.187004 0.918651 0.193948 0.925595 0.196181 0.929894 0.198165 0.932209 0.198909 0.934854 0.200397 0.935847 0.201885 0.938161 0.204613 0.938492 0.206597 0.941138 0.210813 0.941468 0.221478 0.944775 0.223958 0.947090 0.225198 0.952050 0.231399 0.956680 0.234127 0.956680 0.236607 0.955688 0.243552 0.958664 0.251240 0.958333 0.252480 0.956349 0.254216 0.957341 0.256200 0.957011 0.257440 0.955357 0.257440 0.953704 0.256696 0.952381 0.254712 0.952381 0.251984 0.954365 0.250496 0.951058 0.251488 0.947751 0.252480 0.946429 0.255208 0.947751 0.259425 0.947751 0.264881 0.944775 0.271329 0.944114 0.272321 0.943122 0.272569 0.939815 0.273562 0.937500 0.277034 0.932540 0.278770 0.931548 0.280010 0.928902 0.280754 0.925265 0.280754 0.918320 0.282242 0.911376 0.279266 0.903770 0.279266 0.900132 0.277034 0.899140 0.273810 0.893188 0.272817 0.886243 0.273313 0.881944 0.273065 0.876653 0.274058 0.872685 0.273810 0.870040 0.275546 0.865741 0.275050 0.860450 0.276290 0.853505 0.278522 0.850529 0.280010 0.846892 0.280754 0.841601 0.282986 0.838624 0.286954 0.837632 0.287698 0.835979 0.292163 0.835648 0.293403 0.834656 0.294147 0.832011 0.295635 0.830357 0.283730 0.828704 0.281002 0.825397 0.280010 0.821759 0.274058 0.819444 0.272817 0.817791 0.272321 0.814815 0.271329 0.814153 0.268353 0.813823 0.265129 0.812169 0.263393 0.810185 0.261905 0.806548 0.256448 0.803241 0.254960 0.799272 0.251488 0.797619 0.249752 0.794974 0.249504 0.790675 0.247024 0.786376 0.246528 0.784061 0.238095 0.779431 0.235863 0.775463 0.236111 0.767196 0.234623 0.763228 0.233631 0.756614 0.234127 0.750000 0.235119 0.744378 0.236111 0.742725 0.239335 0.741071 0.242560 0.741733 0.247520 0.741402 0.248760 0.740079 0.249256 0.736111 0.251984 0.733796 0.257192 0.733466 0.260665 0.734127 0.263889 0.733135 0.271081 0.733135 0.276042 0.734127 0.281498 0.733135 0.283234 0.732143 0.285714 0.732143 0.286210 0.730820 0.285466 0.724537 0.284474 0.722553 0.281498 0.720238 0.275546 0.717593 0.271329 0.716601 0.268849 0.712963 0.264881 0.708995 0.264385 0.705026 0.258681 0.703704 0.257440 0.702381 0.256200 0.697751 0.252480 0.694444 0.251240 0.689484 0.249504 0.685516 0.249008 0.677249 0.249752 0.673280 0.248760 0.671627 0.243800 0.671627 0.240823 0.672950 0.227431 0.673280 0.223958 0.675265 0.209573 0.667989 0.207589 0.665344 0.204861 0.663690 0.203621 0.662037 0.203125 0.657738 0.201389 0.655093 0.200645 0.651786 0.201885 0.644180 0.201637 0.641865 0.195933 0.638889 0.192956 0.634259 0.189980 0.631283 0.189484 0.626984 0.187748 0.622685 0.188740 0.611772 0.189732 0.610450 0.193204 0.609127 0.197173 0.609127 0.200645 0.607143 0.197669 0.603836 0.199405 0.600860 0.199901 0.596230 0.193452 0.595569 0.182540 0.592593 0.178075 0.593254 0.175347 0.592593 0.165923 0.592593 0.161706 0.593915 0.149802 0.592923 0.147073 0.594246 0.143105 0.594246 0.135417 0.591601 0.134425 0.588955 0.135417 0.587632 0.142609 0.585648 0.146825 0.583003 0.149554 0.585317 0.151538 0.585317 0.154018 0.583664 0.156002 0.580357 0.160962 0.578373 0.165923 0.578704 0.169891 0.577050 0.179315 0.575728 0.181300 0.572751 0.184772 0.571759 0.185764 0.570767 0.187004 0.564484 0.185516 0.560847 0.185516 0.545304 0.181548 0.537037 0.182788 0.533730 0.177827 0.532077 0.174851 0.526786 0.173363 0.521164 0.173611 0.517857 0.172371 0.509921 0.171131 0.505952 0.171379 0.492394 0.173363 0.488426 0.176835 0.486772 0.178075 0.487434 0.181052 0.494048 0.181052 0.498016 0.181548 0.498677 0.193204 0.499008 0.196677 0.500661 0.201389 0.500000 0.203621 0.498347 0.202877 0.491071 0.203125 0.485450 0.201885 0.480159 0.199157 0.474537 0.199157 0.469907 0.196925 0.466931 0.196429 0.464616 0.196677 0.462963 0.197669 0.461971 0.202629 0.461310 0.208581 0.462302 0.209573 0.463294 0.209573 0.466601 0.213046 0.469577 0.217262 0.469907 0.218006 0.471230 0.217758 0.474537 0.219990 0.478505 0.220982 0.482474 0.223710 0.482474 0.228423 0.485119 0.233631 0.485119 0.235119 0.486772 0.235367 0.489749 0.236607 0.491402 0.240823 0.489749 0.245040 0.489418 0.247272 0.488095 0.248760 0.484788 0.250496 0.470238 0.251240 0.467593 0.250992 0.462632 0.253720 0.455026 0.249504 0.451720 0.246776 0.448082 0.244544 0.446429 0.236607 0.444444 0.224454 0.442791 0.215526 0.436177 0.212302 0.431548 0.209573 0.429563 0.205109 0.428902 0.203621 0.430556 0.201885 0.434524 0.200645 0.435516 0.195188 0.436177 0.185268 0.435516 0.177083 0.429894 0.172619 0.428241 0.169395 0.425926 0.163938 0.420304 0.163938 0.408730 0.165427 0.405093 0.165427 0.400794 0.165923 0.399471 0.168899 0.396164 0.170139 0.384921 0.171379 0.380622 0.172123 0.370040 0.174107 0.361772 0.177579 0.356812 0.178075 0.353175 0.179563 0.349537 0.179812 0.346230 0.182788 0.341270 0.183780 0.337963 0.186260 0.334987 0.186756 0.331019 0.188244 0.327050 0.188244 0.322421 0.188988 0.320437 0.190972 0.317791 0.191716 0.315146 0.194940 0.311177 0.194940 0.309524 0.193204 0.306217 0.190476 0.295304 0.187252 0.289683 0.185020 0.288029 0.173859 0.285384 0.169643 0.289683 0.166419 0.289352 0.165179 0.290013 0.161458 0.294643 0.158482 0.294974 0.154514 0.297619 0.150050 0.298280 0.149306 0.299272 0.148810 0.302579 0.146081 0.306548 0.142113 0.309193 0.138641 0.309854 0.125992 0.304563 0.120784 0.300265 0.116815 0.295635 0.114335 0.287368 0.114087 0.282738 0.117063 0.271164 0.117560 0.265873 0.116815 0.263228 0.113839 0.260251 0.106399 0.255952 0.103423 0.251984 0.096478 0.249339 0.087550 0.249339 0.083581 0.251984 0.078869 0.252315
5 0.391121 0.600198 0.391121 0.598545 0.390129 0.595899 0.390625 0.593254 0.390625 0.590278 0.389881 0.588294 0.390377 0.583664 0.384921 0.578373 0.380704 0.578704 0.377728 0.577050 0.372768 0.576720 0.371528 0.571759 0.373512 0.564484 0.369792 0.559524 0.368552 0.559524 0.366319 0.562500 0.363839 0.563161 0.353423 0.562500 0.351190 0.564153 0.348958 0.568122 0.346230 0.568783 0.342262 0.571098 0.339782 0.571098 0.337798 0.570437 0.336310 0.568452 0.333581 0.555225 0.330605 0.555225 0.328869 0.553571 0.322669 0.551918 0.318452 0.548942 0.313740 0.547619 0.312500 0.545966 0.311756 0.542328 0.312252 0.532738 0.313740 0.529101 0.313740 0.524140 0.314980 0.522817 0.317956 0.523148 0.319692 0.521164 0.318948 0.517857 0.321429 0.514220 0.321429 0.512566 0.319940 0.510251 0.321181 0.506614 0.320437 0.502315 0.318948 0.500661 0.314732 0.500992 0.311012 0.498677 0.305804 0.498677 0.303819 0.495701 0.299355 0.492725 0.297867 0.490410 0.297371 0.484127 0.295635 0.478836 0.296627 0.474537 0.296379 0.471561 0.294643 0.468254 0.291667 0.467923 0.290675 0.466931 0.290179 0.462963 0.286706 0.461310 0.281994 0.460317 0.279018 0.456349 0.274802 0.456680 0.273065 0.457341 0.271081 0.459325 0.268105 0.459656 0.266865 0.458995 0.265625 0.455688 0.264633 0.455026 0.261905 0.455357 0.258929 0.458664 0.257440 0.463955 0.255704 0.466931 0.256448 0.470238 0.251736 0.481812 0.249008 0.484788 0.248016 0.489087 0.246528 0.490410 0.240575 0.491733 0.236111 0.490410 0.233631 0.486442 0.235119 0.477844 0.234375 0.470899 0.232887 0.468254 0.231895 0.467923 0.230655 0.468585 0.228919 0.471892 0.227679 0.470899 0.226935 0.468915 0.225694 0.468254 0.223958 0.468254 0.220238 0.470238 0.218502 0.467262 0.218006 0.461310 0.216518 0.458664 0.215526 0.459656 0.213294 0.466270 0.210813 0.460648 0.209325 0.459325 0.205109 0.459656 0.202877 0.460979 0.201389 0.463294 0.201637 0.466270 0.198909 0.469577 0.198165 0.473545 0.198413 0.475198 0.200397 0.478505 0.201885 0.482804 0.199405 0.484127 0.198661 0.486772 0.197669 0.487765 0.196181 0.487103 0.195685 0.485780 0.195685 0.484127 0.197917 0.483135 0.197669 0.482474 0.192708 0.483796 0.190228 0.490410 0.190972 0.494378 0.190972 0.498347 0.192460 0.500331 0.198661 0.500000 0.200645 0.500992 0.202133 0.500661 0.204613 0.498677 0.206597 0.498677 0.209077 0.501984 0.208333 0.504960 0.205109 0.506283 0.201389 0.503638 0.196925 0.504630 0.193452 0.502646 0.190228 0.502315 0.189236 0.500992 0.188244 0.491402 0.187500 0.490410 0.185764 0.490079 0.181052 0.491733 0.177083 0.489418 0.172619 0.491402 0.171131 0.493386 0.171627 0.499339 0.172619 0.502315 0.171875 0.507275 0.167411 0.511243 0.163690 0.512235 0.160466 0.516865 0.160466 0.518519 0.162202 0.519511 0.163194 0.521164 0.163194 0.523810 0.161706 0.525463 0.162450 0.528108 0.161706 0.533069 0.163194 0.534722 0.163690 0.539021 0.166419 0.541005 0.163938 0.543651 0.163938 0.545635 0.167659 0.548611 0.166915 0.550265 0.164435 0.551918 0.164931 0.553902 0.166667 0.554563 0.167659 0.555886 0.167411 0.557870 0.164683 0.560847 0.164931 0.562500 0.166171 0.564153 0.165179 0.564815 0.163690 0.563823 0.161954 0.563823 0.161210 0.564815 0.162698 0.567460 0.161954 0.568783 0.159970 0.566799 0.157490 0.566468 0.156498 0.565146 0.155258 0.560847 0.156002 0.558201 0.155754 0.554894 0.155010 0.553902 0.152530 0.553902 0.151786 0.558201 0.149306 0.559854 0.149058 0.560847 0.151786 0.563492 0.151786 0.564815 0.151042 0.565807 0.148313 0.566468 0.146825 0.569775 0.145089 0.569444 0.143849 0.567460 0.141865 0.567130 0.140377 0.569114 0.137401 0.570106 0.136657 0.574074 0.134673 0.575728 0.134673 0.576720 0.136905 0.577712 0.137401 0.580688 0.135913 0.582672 0.132440 0.583333 0.132440 0.584656 0.134673 0.587632 0.131944 0.589286 0.130208 0.591270 0.127976 0.590608 0.126240 0.591270 0.126736 0.592593 0.130456 0.592262 0.132192 0.594246 0.134177 0.595238 0.134425 0.596230 0.133185 0.598214 0.133185 0.599868 0.134673 0.601190 0.139881 0.601521 0.151042 0.600529 0.153770 0.602513 0.154762 0.602513 0.156994 0.599868 0.156250 0.595899 0.158482 0.593915 0.160962 0.594577 0.167907 0.594577 0.168899 0.596230 0.168651 0.597222 0.165179 0.599206 0.165675 0.600198 0.168403 0.600529 0.169643 0.602183 0.170883 0.594246 0.174107 0.591270 0.179315 0.590278 0.181300 0.588294 0.184028 0.589947 0.190228 0.589286 0.193204 0.591270 0.195437 0.595899 0.196181 0.599206 0.199901 0.602844 0.200149 0.603836 0.198661 0.606812 0.198661 0.608135 0.201141 0.610780 0.201389 0.613095 0.200397 0.615741 0.197421 0.618056 0.194692 0.617063 0.192460 0.617394 0.189980 0.622685 0.193204 0.624339 0.195685 0.627315 0.195933 0.631283 0.199405 0.634590 0.200149 0.637566 0.204117 0.643519 0.204613 0.647487 0.203373 0.650132 0.204117 0.655093 0.208333 0.659061 0.209573 0.659392 0.212302 0.663029 0.220486 0.664352 0.224206 0.667328 0.226687 0.668320 0.228423 0.670304 0.231647 0.670635 0.234127 0.669643 0.236607 0.665675 0.239831 0.666997 0.242560 0.664021 0.247024 0.662037 0.248512 0.662368 0.250248 0.664683 0.252728 0.665344 0.259177 0.670966 0.267113 0.670635 0.281498 0.662037 0.282738 0.659061 0.284474 0.657738 0.287450 0.657407 0.295635 0.654431 0.299355 0.654431 0.302579 0.652116 0.306548 0.651455 0.310268 0.649471 0.315476 0.650794 0.321677 0.649140 0.338542 0.647487 0.345486 0.642857 0.353423 0.640542 0.358135 0.635582 0.357887 0.630291 0.358631 0.627976 0.358631 0.625661 0.357391 0.622354 0.358383 0.621032 0.363343 0.620701 0.364087 0.621362 0.364583 0.623677 0.365823 0.623677 0.365823 0.621362 0.363343 0.618386 0.355655 0.618056 0.353919 0.617394 0.352431 0.615410 0.354415 0.608135 0.357887 0.607143 0.360119 0.608466 0.362351 0.608796 0.372768 0.607143 0.374504 0.606151 0.377976 0.605820 0.380456 0.602844 0.385417 0.603505 0.388889 0.602183
0 0.240327 0.752315 0.241071 0.755622 0.243304 0.758267 0.249256 0.760582 0.256944 0.767196 0.257440 0.771164 0.256200 0.772817 0.248264 0.773479 0.246776 0.774802 0.246776 0.775794 0.248264 0.778770 0.252232 0.783730 0.254960 0.785053 0.256696 0.787037 0.257937 0.790344 0.258433 0.794974 0.259425 0.798280 0.263641 0.802910 0.268849 0.805225 0.272817 0.808532 0.278770 0.815146 0.285714 0.816799 0.295635 0.823082 0.306796 0.827381 0.311756 0.830026 0.318948 0.832011 0.323413 0.834656 0.326637 0.835317 0.347718 0.845899 0.355407 0.847884 0.359375 0.850529 0.386905 0.857143 0.401290 0.858796 0.412698 0.858796 0.418899 0.860119 0.423859 0.862103 0.429563 0.862434 0.438988 0.865741 0.458581 0.866071 0.482143 0.869709 0.490575 0.872354 0.504464 0.874669 0.522321 0.874339 0.528770 0.872685 0.531746 0.869048 0.533482 0.865410 0.533730 0.856812 0.530754 0.845899 0.531746 0.838624 0.533482 0.834325 0.533482 0.829365 0.532986 0.826058 0.530506 0.821759 0.529762 0.818452 0.526042 0.813161 0.523313 0.810516 0.522073 0.807540 0.520089 0.804894 0.517609 0.798611 0.514881 0.794974 0.508929 0.789683 0.506944 0.785714 0.501240 0.778439 0.498760 0.770833 0.495536 0.766865 0.483631 0.759259 0.477183 0.756944 0.474454 0.754960 0.464782 0.753307 0.440724 0.753307 0.434524 0.750331 0.427827 0.743717 0.418155 0.743056 0.407490 0.743386 0.404266 0.745370 0.400050 0.745370 0.393353 0.748347 0.390377 0.752976 0.388393 0.754299 0.385913 0.753307 0.384425 0.751323 0.384425 0.748347 0.381448 0.746693 0.376240 0.746362 0.372768 0.747024 0.369792 0.746032 0.357639 0.746032 0.354415 0.744378 0.350198 0.744048 0.340278 0.744378 0.337798 0.743717 0.333333 0.746362 0.330109 0.747354 0.326637 0.750000 0.317956 0.749339 0.314236 0.747685 0.309276 0.743386 0.299603 0.738757 0.291171 0.739418 0.287450 0.741733 0.283482 0.741402 0.280754 0.742394 0.266369 0.742063 0.264633 0.742725 0.259177 0.742725 0.253968 0.746693 0.249008 0.749339 0.244048 0.749339 0.241567 0.750661
0 0.705357 0.676587 0.704117 0.670304 0.702133 0.665344 0.701637 0.660384 0.698413 0.657077 0.693948 0.650132 0.691220 0.648479 0.687996 0.644841 0.682540 0.641204 0.670139 0.636905 0.666171 0.634259 0.659226 0.631944 0.655754 0.629960 0.642857 0.626984 0.633433 0.623016 0.629712 0.619709 0.629712 0.618056 0.631200 0.615741 0.630952 0.614418 0.629960 0.613757 0.628720 0.616733 0.626240 0.617063 0.623760 0.620040 0.622272 0.619709 0.620536 0.617394 0.618552 0.617063 0.614831 0.620370 0.611359 0.618386 0.608383 0.621362 0.603919 0.621362 0.602927 0.622685 0.601190 0.623347 0.601190 0.626323 0.599950 0.627646 0.595238 0.627646 0.592758 0.628638 0.587302 0.627976 0.579117 0.630622 0.575645 0.632937 0.572917 0.631944 0.564484 0.632937 0.559772 0.636905 0.556548 0.637566 0.552331 0.639881 0.548115 0.640542 0.544147 0.642857 0.541171 0.643519 0.520833 0.653770 0.501488 0.659061 0.496776 0.662698 0.494048 0.663360 0.489831 0.666336 0.479167 0.669643 0.475198 0.671958 0.470238 0.673611 0.466766 0.676587 0.461806 0.679233 0.458333 0.682870 0.447173 0.690146 0.442460 0.696098 0.437748 0.699405 0.435020 0.703042 0.431300 0.705026 0.428075 0.708995 0.422123 0.711310 0.419643 0.714616 0.415675 0.716601 0.411954 0.719907 0.408234 0.720569 0.402034 0.724206 0.399306 0.727183 0.398810 0.729167 0.400794 0.736111 0.404018 0.737434 0.413442 0.737103 0.415179 0.737765 0.420635 0.736772 0.423611 0.737765 0.427331 0.737765 0.431052 0.741733 0.435516 0.744378 0.440228 0.749008 0.445437 0.750000 0.465278 0.750331 0.474702 0.751984 0.478423 0.753638 0.482143 0.754299 0.486359 0.757275 0.492063 0.758598 0.496280 0.764220 0.497768 0.765212 0.500496 0.764550 0.505456 0.758598 0.509673 0.758929 0.509673 0.759921 0.507937 0.762566 0.508185 0.765212 0.509177 0.766534 0.513393 0.767196 0.514633 0.768188 0.512897 0.769511 0.509425 0.770172 0.506448 0.769841 0.505456 0.770503 0.503968 0.772817 0.503472 0.775794 0.505704 0.779431 0.507937 0.781415 0.508433 0.783730 0.510169 0.786045 0.514137 0.789021 0.516865 0.792659 0.521329 0.795635 0.530010 0.796296 0.540675 0.794643 0.561260 0.794312 0.564236 0.792989 0.588790 0.791997 0.594742 0.789683 0.607639 0.787698 0.612847 0.785384 0.621528 0.783069 0.626240 0.780423 0.631696 0.780093 0.639137 0.776455 0.645833 0.774140 0.655010 0.772156 0.659226 0.769511 0.666171 0.768519 0.672867 0.765212 0.680556 0.763889 0.685020 0.761574 0.689732 0.757937 0.693204 0.756614 0.694196 0.754960 0.695437 0.749669 0.697917 0.745040 0.698661 0.736772 0.700893 0.728175 0.701885 0.717923 0.701885 0.704365 0.702629 0.702050 0.702629 0.697090 0.705605 0.690146
