0 0.231373 0.439216 0.230392 0.444118 0.239216 0.463725 0.245098 0.495098 0.250980 0.512745 0.257843 0.522549 0.266667 0.545098 0.280392 0.557843 0.282353 0.562745 0.300980 0.582353 0.319608 0.581373 0.335294 0.577451 0.350980 0.569608 0.423529 0.553922 0.434314 0.546078 0.442157 0.530392 0.445098 0.514706 0.444118 0.508824 0.428431 0.486275 0.394118 0.453922 0.369608 0.445098 0.268627 0.432353 0.242157 0.435294
4 0.186275 0.617647 0.181373 0.619608 0.166667 0.639216 0.122549 0.680392 0.000000 0.771569 0.000000 0.853922 0.002941 0.853922 0.065686 0.800000 0.111765 0.753922 0.150980 0.718627 0.185294 0.691176 0.216667 0.673529 0.227451 0.662745 0.226471 0.656863 0.200980 0.657843 0.192157 0.650000 0.189216 0.636275 0.190196 0.623529
4 0.000000 0.504902 0.000000 0.560784 0.098039 0.569608 0.142157 0.576471 0.209804 0.582353 0.265686 0.590196 0.286275 0.591176 0.295098 0.587255 0.295098 0.581373 0.289216 0.572549 0.271569 0.555882 0.256863 0.549020 0.111765 0.522549
0 0.851961 0.408824 0.828431 0.416667 0.805882 0.431373 0.801961 0.439216 0.804902 0.448039 0.819608 0.461765 0.826471 0.476471 0.825490 0.497059 0.820588 0.504902 0.822549 0.513725 0.817647 0.518627 0.823529 0.525490 0.825490 0.534314 0.825490 0.577451 0.827451 0.584314 0.825490 0.587255 0.824510 0.608824 0.829412 0.615686 0.841176 0.615686 0.850000 0.610784 0.858824 0.600980 0.874510 0.567647 0.881373 0.545098 0.873529 0.478431 0.860784 0.436275 0.857843 0.417647
1 0.373529 0.747059 0.378431 0.750000 0.387255 0.749020 0.398039 0.750980 0.402941 0.749020 0.405882 0.750980 0.405882 0.758824 0.408824 0.759804 0.406863 0.761765 0.396078 0.759804 0.376471 0.766667 0.371569 0.773529 0.372549 0.795098 0.375490 0.798039 0.375490 0.802941 0.372549 0.805882 0.372549 0.817647 0.377451 0.825490 0.388235 0.834314 0.388235 0.854902 0.390196 0.862745 0.401961 0.869608 0.414706 0.882353 0.421569 0.886275 0.431373 0.889216 0.440196 0.888235 0.470588 0.877451 0.501961 0.876471 0.503922 0.872549 0.508824 0.876471 0.519608 0.872549 0.524510 0.874510 0.534314 0.873529 0.541176 0.868627 0.545098 0.869608 0.546078 0.864706 0.551961 0.860784 0.560784 0.862745 0.564706 0.854902 0.578431 0.841176 0.583333 0.829412 0.580392 0.824510 0.579412 0.813725 0.566667 0.801961 0.562745 0.794118 0.559804 0.777451 0.554902 0.774510 0.554902 0.767647 0.548039 0.764706 0.532353 0.763725 0.529412 0.751961 0.505882 0.752941 0.495098 0.750000 0.470588 0.749020 0.466667 0.745098 0.462745 0.745098 0.455882 0.750980 0.450980 0.750980 0.448039 0.754902 0.444118 0.755882 0.439216 0.753922 0.438235 0.757843 0.442157 0.758824 0.440196 0.761765 0.435294 0.758824 0.431373 0.761765 0.423529 0.762745 0.421569 0.757843 0.424510 0.754902 0.416667 0.758824 0.413725 0.751961 0.414706 0.747059 0.407843 0.748039 0.404902 0.745098 0.400980 0.747059 0.398039 0.743137 0.392157 0.744118 0.390196 0.742157 0.378431 0.742157
5 0.798039 0.448039 0.772549 0.442157 0.753922 0.442157 0.748039 0.445098 0.735294 0.458824 0.730392 0.470588 0.719608 0.485294 0.701961 0.522549 0.689216 0.541176 0.680392 0.570588 0.679412 0.600980 0.692157 0.649020 0.700000 0.655882 0.710784 0.655882 0.725490 0.640196 0.742157 0.610784 0.751961 0.579412 0.775490 0.542157 0.802941 0.521569 0.810784 0.513725 0.821569 0.497059 0.824510 0.487255 0.822549 0.470588 0.807843 0.452941
0 0.340196 0.667647 0.319608 0.665686 0.303922 0.671569 0.295098 0.677451 0.287255 0.686275 0.272549 0.707843 0.264706 0.730392 0.262745 0.748039 0.292157 0.771569 0.299020 0.773529 0.318627 0.771569 0.330392 0.764706 0.350000 0.745098 0.355882 0.729412 0.357843 0.701961 0.350980 0.677451
0 0.726471 0.462745 0.718627 0.457843 0.704902 0.455882 0.688235 0.460784 0.675490 0.467647 0.654902 0.470588 0.638235 0.477451 0.629412 0.478431 0.630392 0.481373 0.626471 0.483333 0.611765 0.485294 0.604902 0.483333 0.588235 0.484314 0.572549 0.492157 0.568627 0.500000 0.568627 0.551961 0.564706 0.554902 0.555882 0.553922 0.530392 0.578431 0.529412 0.591176 0.521569 0.595098 0.521569 0.600000 0.516667 0.607843 0.516667 0.619608 0.522549 0.625490 0.532353 0.629412 0.537255 0.629412 0.549020 0.623529 0.564706 0.624510 0.594118 0.634314 0.602941 0.640196 0.613725 0.639216 0.618627 0.635294 0.635294 0.635294 0.644118 0.631373 0.649020 0.626471 0.657843 0.604902 0.667647 0.595098 0.672549 0.593137 0.677451 0.586275 0.677451 0.572549 0.665686 0.551961 0.667647 0.546078 0.690196 0.536275 0.700980 0.519608 0.706863 0.500980 0.701961 0.493137 0.691176 0.490196 0.689216 0.487255 0.706863 0.477451 0.718627 0.478431 0.724510 0.476471 0.727451 0.470588
0 0.453922 0.180392 0.442157 0.214706 0.445098 0.233333 0.453922 0.242157 0.469608 0.248039 0.500980 0.254902 0.545098 0.258824 0.573529 0.268627 0.610784 0.272549 0.619608 0.267647 0.626471 0.243137 0.627451 0.216667 0.625490 0.201961 0.618627 0.188235 0.604902 0.184314 0.551961 0.178431 0.480392 0.164706 0.471569 0.164706 0.463725 0.167647
0 0.322549 0.179412 0.312745 0.189216 0.296078 0.219608 0.288235 0.246078 0.282353 0.252941 0.271569 0.276471 0.267647 0.291176 0.264706 0.321569 0.266667 0.343137 0.280392 0.371569 0.290196 0.381373 0.327451 0.405882 0.370588 0.428431 0.429412 0.480392 0.443137 0.495098 0.447059 0.496078 0.450980 0.500980 0.453922 0.497059 0.456863 0.497059 0.459804 0.501961 0.462745 0.501961 0.467647 0.499020 0.470588 0.487255 0.463725 0.415686 0.459804 0.400000 0.456863 0.396078 0.436275 0.307843 0.440196 0.265686 0.440196 0.208824 0.438235 0.201961 0.431373 0.195098 0.400980 0.189216 0.376471 0.180392 0.347059 0.176471 0.334314 0.176471
0 0.264706 0.257843 0.251961 0.256863 0.218627 0.291176 0.204902 0.309804 0.174510 0.363725 0.148039 0.392157 0.144118 0.400980 0.144118 0.408824 0.150000 0.416667 0.169608 0.426471 0.173529 0.430392 0.192157 0.438235 0.212745 0.437255 0.223529 0.430392 0.238235 0.402941 0.253922 0.347059 0.263725 0.329412 0.266667 0.292157 0.273529 0.271569 0.273529 0.264706
0 0.469608 0.415686 0.465686 0.417647 0.464706 0.426471 0.467647 0.450000 0.471569 0.455882 0.470588 0.458824 0.474510 0.462745 0.477451 0.487255 0.475490 0.500000 0.477451 0.526471 0.475490 0.534314 0.477451 0.538235 0.477451 0.554902 0.480392 0.570588 0.490196 0.577451 0.509804 0.579412 0.520588 0.574510 0.546078 0.543137 0.562745 0.505882 0.570588 0.483333 0.570588 0.474510 0.567647 0.469608 0.547059 0.457843 0.508824 0.429412 0.487255 0.421569 0.482353 0.417647
0 0.344118 0.573529 0.339216 0.578431 0.342157 0.592157 0.353922 0.615686 0.407843 0.700980 0.414706 0.705882 0.428431 0.708824 0.447059 0.728431 0.455882 0.732353 0.483333 0.732353 0.494118 0.726471 0.499020 0.719608 0.501961 0.705882 0.502941 0.679412 0.509804 0.633333 0.509804 0.613725 0.504902 0.590196 0.491176 0.579412 0.480392 0.577451 0.477451 0.574510 0.477451 0.557843 0.474510 0.541176 0.466667 0.535294 0.459804 0.536275 0.456863 0.539216 0.446078 0.536275 0.431373 0.553922 0.358824 0.568627
0 0.506863 0.259804 0.500000 0.261765 0.484314 0.274510 0.477451 0.284314 0.462745 0.328431 0.467647 0.374510 0.473529 0.392157 0.485294 0.406863 0.510784 0.416667 0.535294 0.417647 0.545098 0.414706 0.566667 0.390196 0.569608 0.382353 0.577451 0.337255 0.577451 0.308824 0.573529 0.284314 0.568627 0.272549 0.558824 0.264706 0.535294 0.259804
0 0.851961 0.396078 0.843137 0.374510 0.837255 0.367647 0.809804 0.354902 0.727451 0.344118 0.673529 0.346078 0.626471 0.358824 0.580392 0.381373 0.562745 0.397059 0.548039 0.416667 0.543137 0.431373 0.543137 0.439216 0.548039 0.453922 0.555882 0.460784 0.575490 0.470588 0.580392 0.476471 0.589216 0.476471 0.597059 0.471569 0.646078 0.470588 0.698039 0.453922 0.721569 0.451961 0.737255 0.448039 0.750980 0.440196 0.779412 0.439216 0.846078 0.408824 0.850980 0.404902
0 0.737255 0.636275 0.732353 0.635294 0.728431 0.638235 0.725490 0.644118 0.718627 0.650000 0.717647 0.653922 0.709804 0.657843 0.699020 0.657843 0.691176 0.652941 0.680392 0.653922 0.601961 0.681373 0.563725 0.700980 0.560784 0.707843 0.560784 0.719608 0.577451 0.774510 0.585294 0.812745 0.592157 0.822549 0.607843 0.823529 0.618627 0.820588 0.643137 0.819608 0.650980 0.814706 0.675490 0.805882 0.711765 0.798039 0.733333 0.790196 0.796078 0.759804 0.799020 0.753922 0.799020 0.748039 0.789216 0.725490 0.755882 0.660784
0 0.230392 0.432353 0.445098 0.432353 0.445098 0.582353 0.230392 0.582353
4 0.000000 0.617647 0.227451 0.617647 0.227451 0.853922 0.000000 0.853922
4 0.000000 0.504902 0.295098 0.504902 0.295098 0.591176 0.000000 0.591176
0 0.801961 0.408824 0.881373 0.408824 0.881373 0.615686 0.801961 0.615686
1 0.371569 0.742157 0.583333 0.742157 0.583333 0.889216 0.371569 0.889216
5 0.679412 0.442157 0.824510 0.442157 0.824510 0.655882 0.679412 0.655882
0 0.262745 0.665686 0.357843 0.665686 0.357843 0.773529 0.262745 0.773529
0 0.516667 0.455882 0.727451 0.455882 0.727451 0.640196 0.516667 0.640196
0 0.442157 0.164706 0.627451 0.164706 0.627451 0.272549 0.442157 0.272549
0 0.264706 0.176471 0.470588 0.176471 0.470588 0.501961 0.264706 0.501961
0 0.144118 0.256863 0.273529 0.256863 0.273529 0.438235 0.144118 0.438235
0 0.464706 0.415686 0.570588 0.415686 0.570588 0.579412 0.464706 0.579412
0 0.339216 0.535294 0.509804 0.535294 0.509804 0.732353 0.339216 0.732353
0 0.462745 0.259804 0.577451 0.259804 0.577451 0.417647 0.462745 0.417647
0 0.543137 0.344118 0.851961 0.344118 0.851961 0.476471 0.543137 0.476471
0 0.560784 0.635294 0.799020 0.635294 0.799020 0.823529 0.560784 0.823529
