0 0.305556 0.205185 0.504630 0.205185 0.504630 0.322222 0.305556 0.322222
0 0.500000 0.243704 0.712963 0.243704 0.712963 0.383704 0.500000 0.383704
0 0.117593 0.395556 0.278704 0.395556 0.278704 0.588148 0.117593 0.588148
0 0.634259 0.328148 0.821296 0.328148 0.821296 0.480000 0.634259 0.480000
0 0.250000 0.312593 0.354630 0.312593 0.354630 0.408148 0.250000 0.408148
0 0.384259 0.311852 0.517593 0.311852 0.517593 0.359259 0.384259 0.359259
1 0.326852 0.597037 0.537963 0.597037 0.537963 0.754074 0.326852 0.754074
1 0.561111 0.513333 0.706481 0.513333 0.706481 0.653333 0.561111 0.653333
1 0.698148 0.417037 0.885185 0.417037 0.885185 0.551111 0.698148 0.551111
1 0.512963 0.652593 0.693519 0.652593 0.693519 0.788148 0.512963 0.788148
5 0.673148 0.506667 0.859259 0.506667 0.859259 0.740741 0.673148 0.740741
5 0.171296 0.627407 0.436111 0.627407 0.436111 0.787407 0.171296 0.787407
5 0.309259 0.348148 0.448148 0.348148 0.448148 0.465926 0.309259 0.465926
5 0.423148 0.334815 0.536111 0.334815 0.536111 0.451111 0.423148 0.451111
5 0.507407 0.372593 0.638889 0.372593 0.638889 0.491111 0.507407 0.491111
5 0.294444 0.453333 0.601852 0.453333 0.601852 0.613333 0.294444 0.613333
7 0.150926 0.234074 0.391667 0.234074 0.391667 0.417037 0.150926 0.417037
7 0.480556 0.198519 0.882407 0.198519 0.882407 0.456296 0.480556 0.456296
7 0.117593 0.202222 0.871296 0.202222 0.871296 0.785926 0.117593 0.785926
0 0.503704 0.248889 0.492593 0.239259 0.475926 0.219259 0.467593 0.214074 0.450926 0.208889 0.433333 0.205926 0.407407 0.205185 0.383333 0.208889 0.351852 0.219259 0.345370 0.224444 0.327778 0.248148 0.312037 0.252593 0.307407 0.260000 0.305556 0.272593 0.312963 0.294074 0.322222 0.304444 0.330556 0.308148 0.368519 0.318519 0.398148 0.322222 0.423148 0.314074 0.445370 0.315556 0.467593 0.310370 0.474074 0.307407 0.486111 0.285926 0.500000 0.277037 0.504630 0.254074
0 0.594444 0.243704 0.570370 0.248889 0.551852 0.261481 0.539815 0.266667 0.500926 0.298519 0.500000 0.304444 0.500926 0.311111 0.504630 0.316296 0.502778 0.325185 0.504630 0.331111 0.512037 0.342963 0.525926 0.359259 0.540741 0.367407 0.548148 0.369630 0.561111 0.370370 0.575926 0.375556 0.587037 0.382222 0.601852 0.383704 0.618519 0.381481 0.626852 0.377778 0.645370 0.374074 0.677778 0.359259 0.681481 0.354074 0.686111 0.339259 0.688889 0.337037 0.700000 0.334815 0.703704 0.331852 0.712037 0.319259 0.712963 0.311111 0.704630 0.300000 0.701852 0.290370 0.696296 0.282222 0.670370 0.263704 0.659259 0.260741 0.645370 0.254074 0.622222 0.249630 0.608333 0.243704
0 0.180556 0.397037 0.158333 0.403704 0.134259 0.426667 0.125926 0.439259 0.118519 0.463704 0.117593 0.482222 0.122222 0.497778 0.138889 0.522222 0.149074 0.553333 0.163889 0.573333 0.170370 0.577778 0.200000 0.587407 0.216667 0.588148 0.235185 0.554074 0.248148 0.541481 0.251852 0.534074 0.256481 0.530370 0.258333 0.514815 0.256481 0.494074 0.260185 0.482222 0.272222 0.472593 0.273148 0.465926 0.270370 0.462963 0.275000 0.460741 0.275000 0.456296 0.277778 0.452593 0.278704 0.428889 0.275926 0.422963 0.271296 0.419259 0.248148 0.411111 0.217593 0.395556 0.207407 0.395556 0.198148 0.399259
0 0.800926 0.336296 0.792593 0.331852 0.777778 0.328148 0.760185 0.328889 0.752778 0.333333 0.732407 0.336296 0.700926 0.350370 0.688889 0.354074 0.670370 0.365926 0.647222 0.377037 0.638889 0.385926 0.636111 0.395556 0.639815 0.402963 0.640741 0.413333 0.638889 0.422222 0.634259 0.430370 0.634259 0.443704 0.637037 0.448148 0.638889 0.463704 0.646296 0.477037 0.657407 0.480000 0.676852 0.478519 0.700926 0.471111 0.721296 0.467407 0.733333 0.460741 0.749074 0.440741 0.767593 0.428148 0.776852 0.405185 0.788889 0.388889 0.810185 0.374074 0.820370 0.369630 0.821296 0.364444 0.817593 0.353333 0.812037 0.345185
0 0.300000 0.312593 0.287037 0.312593 0.284259 0.314074 0.282407 0.317037 0.282407 0.327407 0.277778 0.338519 0.257407 0.353333 0.250000 0.367407 0.250926 0.381481 0.255556 0.385185 0.271296 0.389630 0.275000 0.394074 0.276852 0.402963 0.280556 0.406667 0.286111 0.408148 0.293519 0.405185 0.305556 0.391111 0.317593 0.382963 0.322222 0.371111 0.333333 0.357037 0.339815 0.352593 0.349074 0.349630 0.354630 0.349630 0.354630 0.344444 0.345370 0.338519 0.346296 0.333333 0.342593 0.329630 0.332407 0.326667 0.323148 0.317778
0 0.517593 0.357778 0.516667 0.352593 0.506481 0.336296 0.502778 0.333333 0.498148 0.322222 0.484259 0.313333 0.476852 0.311852 0.454630 0.314074 0.447222 0.317778 0.439815 0.324444 0.436111 0.318519 0.428704 0.314815 0.416667 0.317037 0.405556 0.322963 0.390741 0.336296 0.384259 0.345185 0.384259 0.349630 0.386111 0.350370 0.400000 0.346667 0.408333 0.346667 0.434259 0.352593 0.442593 0.344444 0.455556 0.337037 0.469444 0.335556 0.481481 0.339259 0.489815 0.345926 0.493519 0.352593 0.500926 0.359259 0.515741 0.359259
1 0.505556 0.602222 0.501852 0.601481 0.481481 0.605926 0.470370 0.605926 0.438889 0.597037 0.431481 0.597037 0.403704 0.607407 0.375000 0.613333 0.352778 0.625185 0.341667 0.634074 0.326852 0.652593 0.326852 0.671111 0.328704 0.683704 0.337037 0.709630 0.344444 0.727407 0.349074 0.733333 0.361111 0.740000 0.422222 0.754074 0.443519 0.753333 0.461111 0.749630 0.491667 0.739259 0.503704 0.740000 0.514815 0.733333 0.534259 0.688889 0.537963 0.665185 0.537037 0.653333 0.532407 0.642222 0.528704 0.624444 0.521296 0.611852
1 0.687037 0.516296 0.664815 0.513333 0.643519 0.518519 0.632407 0.519259 0.618519 0.525185 0.613889 0.528889 0.603704 0.531852 0.596296 0.538519 0.595370 0.542222 0.603704 0.555556 0.602778 0.560741 0.590741 0.571852 0.570370 0.585185 0.568519 0.589630 0.562963 0.594815 0.561111 0.602222 0.563889 0.611111 0.570370 0.617778 0.578704 0.631852 0.579630 0.638519 0.576852 0.645185 0.578704 0.650370 0.608333 0.653333 0.659259 0.652593 0.670370 0.650370 0.678704 0.642963 0.693519 0.619259 0.698148 0.585185 0.696296 0.571111 0.699074 0.554815 0.703704 0.547407 0.706481 0.537778 0.700000 0.525185
1 0.782407 0.417037 0.775000 0.422963 0.772222 0.430370 0.750926 0.444444 0.748148 0.451852 0.731481 0.467407 0.719444 0.471111 0.715741 0.474815 0.705556 0.477037 0.700926 0.481481 0.698148 0.491852 0.698148 0.505926 0.702778 0.521481 0.713889 0.534074 0.722222 0.538519 0.726852 0.538519 0.740741 0.533333 0.749074 0.526667 0.751852 0.520741 0.761111 0.514074 0.780556 0.505926 0.787037 0.505926 0.800926 0.508889 0.811111 0.515556 0.828704 0.540741 0.837037 0.547407 0.845370 0.551111 0.854630 0.551111 0.864815 0.545185 0.874074 0.534074 0.883333 0.516296 0.885185 0.500741 0.882407 0.470370 0.875000 0.455556 0.859259 0.440000 0.850000 0.434074 0.841667 0.422963 0.811111 0.417037
1 0.542593 0.663704 0.538889 0.669630 0.536111 0.686667 0.531481 0.695556 0.529630 0.705185 0.525000 0.711852 0.522222 0.724444 0.512963 0.742222 0.512963 0.747407 0.516667 0.756296 0.531481 0.771852 0.545370 0.779259 0.561111 0.784444 0.579630 0.788148 0.601852 0.788148 0.622222 0.784444 0.671296 0.768148 0.693519 0.752593 0.672222 0.704444 0.669444 0.690370 0.673148 0.670370 0.672222 0.666667 0.675000 0.662222 0.672222 0.654074 0.612963 0.654815 0.570370 0.652593 0.556481 0.654815
5 0.802778 0.509630 0.788889 0.506667 0.775000 0.508148 0.758333 0.517778 0.756481 0.522222 0.751852 0.524444 0.748148 0.531852 0.739815 0.537778 0.730556 0.540000 0.723148 0.545185 0.714815 0.545185 0.704630 0.552593 0.696296 0.614815 0.692593 0.625185 0.681481 0.643704 0.678704 0.664444 0.673148 0.680741 0.673148 0.696296 0.676852 0.708889 0.689815 0.733333 0.697222 0.740000 0.708333 0.740741 0.712963 0.737037 0.717593 0.737778 0.720370 0.735556 0.725000 0.735556 0.731481 0.729630 0.737037 0.727407 0.771296 0.721481 0.784259 0.714815 0.811111 0.705185 0.825926 0.693333 0.830556 0.685185 0.841667 0.672593 0.843519 0.665926 0.849074 0.660741 0.854630 0.639259 0.851852 0.622963 0.837963 0.615556 0.837963 0.610370 0.852778 0.592593 0.859259 0.575556 0.850926 0.556296 0.827778 0.539259 0.811111 0.514815
5 0.174074 0.650370 0.171296 0.662963 0.175000 0.683704 0.205556 0.716296 0.215741 0.719259 0.245370 0.721481 0.262963 0.728148 0.274074 0.735556 0.282407 0.745926 0.304630 0.762963 0.339815 0.779259 0.355556 0.782222 0.365741 0.782222 0.387963 0.787407 0.421296 0.786667 0.436111 0.779259 0.436111 0.770370 0.433333 0.765926 0.425000 0.760000 0.402778 0.751111 0.392593 0.750370 0.362037 0.743704 0.347222 0.733333 0.325000 0.691852 0.313889 0.680741 0.310185 0.673333 0.299074 0.664444 0.278704 0.634815 0.256481 0.627407 0.251852 0.627407 0.248148 0.630370 0.237963 0.628148 0.218519 0.634074 0.200000 0.645185 0.187963 0.645926
5 0.410185 0.348148 0.400000 0.348148 0.375000 0.358519 0.362037 0.354074 0.350926 0.352593 0.337037 0.355556 0.329630 0.361481 0.322222 0.373333 0.321296 0.386667 0.323148 0.396296 0.312037 0.407407 0.309259 0.414815 0.309259 0.426667 0.314815 0.437037 0.329630 0.443704 0.350926 0.445926 0.367593 0.460741 0.378704 0.465926 0.395370 0.465926 0.404630 0.462963 0.407407 0.460000 0.410185 0.441481 0.415741 0.432593 0.425000 0.434815 0.436111 0.425185 0.439815 0.425926 0.447222 0.413333 0.447222 0.410370 0.443519 0.408148 0.448148 0.405926 0.448148 0.402963 0.437963 0.393333 0.433333 0.381481 0.431481 0.358519 0.425000 0.352593
5 0.475000 0.335556 0.462037 0.334815 0.447222 0.340000 0.437963 0.346667 0.429630 0.356296 0.432407 0.363704 0.435185 0.388148 0.449074 0.400000 0.451852 0.411852 0.448148 0.423704 0.446296 0.425185 0.443519 0.424444 0.440741 0.428889 0.435185 0.429630 0.431481 0.433333 0.428704 0.431111 0.426852 0.431852 0.423148 0.445926 0.426852 0.451111 0.436111 0.451111 0.453704 0.445926 0.463889 0.445926 0.478704 0.450370 0.496296 0.450370 0.504630 0.448148 0.512963 0.440741 0.515741 0.435556 0.516667 0.416296 0.529630 0.401481 0.534259 0.392593 0.536111 0.376296 0.529630 0.367407 0.517593 0.360000 0.501852 0.358519 0.494444 0.351111 0.491667 0.344444
5 0.551852 0.372593 0.537037 0.377037 0.532407 0.397037 0.528704 0.402963 0.521296 0.408148 0.517593 0.414815 0.515741 0.436296 0.513889 0.440741 0.507407 0.446667 0.507407 0.450370 0.510185 0.454074 0.522222 0.461481 0.535185 0.485926 0.555556 0.491111 0.562963 0.491111 0.576852 0.487407 0.580556 0.478519 0.584259 0.474815 0.587963 0.475556 0.591667 0.474074 0.599074 0.480000 0.612037 0.479259 0.622222 0.475556 0.631481 0.468889 0.636111 0.459259 0.632407 0.441481 0.632407 0.430370 0.637963 0.419259 0.638889 0.410370 0.636111 0.402963 0.624074 0.390370 0.613889 0.387407 0.591667 0.388148 0.574074 0.376296 0.564815 0.373333
5 0.301852 0.493333 0.302778 0.502222 0.307407 0.500741 0.309259 0.502963 0.305556 0.504444 0.305556 0.507407 0.309259 0.508148 0.310185 0.514074 0.312037 0.514074 0.312037 0.508148 0.308333 0.507407 0.308333 0.504444 0.312037 0.503704 0.313889 0.500741 0.317593 0.502222 0.321296 0.500741 0.334259 0.502222 0.338889 0.500000 0.343519 0.502222 0.344444 0.509630 0.342593 0.514074 0.337963 0.517778 0.335185 0.515556 0.332407 0.516296 0.331481 0.520741 0.327778 0.520000 0.326852 0.515556 0.322222 0.517778 0.319444 0.514815 0.315741 0.514815 0.312963 0.517778 0.312963 0.521481 0.306481 0.528148 0.308333 0.533333 0.305556 0.535556 0.305556 0.540000 0.302778 0.540741 0.302778 0.556296 0.295370 0.564444 0.296296 0.568889 0.294444 0.574074 0.296296 0.580000 0.322222 0.597778 0.325926 0.597778 0.331481 0.600741 0.339815 0.600741 0.343519 0.603704 0.360185 0.608148 0.380556 0.608148 0.404630 0.604444 0.406481 0.602222 0.401852 0.600741 0.401852 0.598519 0.409259 0.599259 0.417593 0.591111 0.425000 0.592593 0.432407 0.590370 0.444444 0.594074 0.454630 0.600000 0.468519 0.602963 0.484259 0.602963 0.499074 0.599259 0.501852 0.595556 0.500926 0.592593 0.503704 0.590370 0.512963 0.589630 0.514815 0.591111 0.514815 0.595556 0.524074 0.600741 0.525000 0.604444 0.532407 0.608889 0.533333 0.613333 0.537037 0.613333 0.537963 0.610370 0.532407 0.605185 0.532407 0.602963 0.537963 0.600000 0.538889 0.594815 0.534259 0.593333 0.528704 0.594815 0.524074 0.591111 0.523148 0.588148 0.525926 0.582222 0.530556 0.581481 0.541667 0.586667 0.549074 0.581481 0.556481 0.579259 0.566667 0.580000 0.569444 0.577778 0.584259 0.574074 0.601852 0.560000 0.600926 0.555556 0.597222 0.551852 0.598148 0.548889 0.592593 0.545926 0.588889 0.540741 0.572222 0.539259 0.565741 0.537037 0.562037 0.537778 0.559259 0.540741 0.554630 0.537037 0.557407 0.532593 0.553704 0.532593 0.547222 0.527407 0.550926 0.517778 0.540741 0.506667 0.538889 0.497778 0.531481 0.490370 0.525000 0.488889 0.500926 0.470370 0.499074 0.462222 0.487037 0.456296 0.471296 0.455556 0.466667 0.460000 0.461111 0.460000 0.458333 0.462222 0.446296 0.461481 0.443519 0.463704 0.439815 0.462222 0.437037 0.463704 0.421296 0.462963 0.412963 0.466667 0.381481 0.468889 0.369444 0.465926 0.364815 0.461481 0.350000 0.453333 0.344444 0.453333 0.331481 0.458519 0.326852 0.462222 0.323148 0.471111 0.318519 0.471111 0.308333 0.481481 0.309259 0.489630
7 0.330556 0.234074 0.325926 0.234074 0.319444 0.238519 0.305556 0.242963 0.299074 0.248148 0.283333 0.254815 0.261111 0.271852 0.230556 0.291852 0.211111 0.312593 0.199074 0.322222 0.192593 0.333333 0.187037 0.337037 0.156481 0.383704 0.153704 0.396296 0.150926 0.400000 0.152778 0.402963 0.163889 0.397778 0.173148 0.396296 0.174074 0.392593 0.179630 0.394815 0.200926 0.394815 0.211111 0.391111 0.221296 0.390370 0.231481 0.394074 0.243519 0.403704 0.274074 0.414074 0.279630 0.413333 0.282407 0.417037 0.285185 0.417037 0.287963 0.411111 0.281481 0.406667 0.280556 0.394074 0.276852 0.385926 0.267593 0.385926 0.256481 0.382963 0.251852 0.377037 0.252778 0.370370 0.259259 0.357778 0.267593 0.351111 0.277778 0.348889 0.285185 0.342963 0.292593 0.342963 0.300000 0.338519 0.302778 0.338519 0.305556 0.340741 0.311111 0.339259 0.313889 0.342222 0.321296 0.340741 0.327778 0.341481 0.329630 0.340000 0.340741 0.345185 0.345370 0.344444 0.354630 0.350370 0.361111 0.350370 0.372222 0.354074 0.377778 0.352593 0.381481 0.347407 0.383333 0.338519 0.389815 0.334074 0.391667 0.329630 0.385185 0.328889 0.376852 0.324444 0.369444 0.323704 0.348148 0.314074 0.322222 0.308148 0.312963 0.296296 0.309259 0.285185 0.304630 0.278519 0.304630 0.260741 0.313889 0.249630 0.325926 0.248889 0.331481 0.240741
7 0.480556 0.211111 0.480556 0.214074 0.484259 0.217037 0.484259 0.221481 0.498148 0.234074 0.499074 0.237778 0.511111 0.250370 0.511111 0.280000 0.515741 0.280000 0.521296 0.274815 0.528704 0.271852 0.533333 0.266667 0.557407 0.255556 0.561111 0.251111 0.571296 0.245926 0.587963 0.241481 0.606481 0.240741 0.617593 0.244444 0.623148 0.248889 0.644444 0.251111 0.657407 0.256296 0.666667 0.257778 0.672222 0.263704 0.680556 0.267407 0.699074 0.281481 0.715741 0.310370 0.715741 0.317778 0.709259 0.329630 0.711111 0.337778 0.736111 0.329630 0.739815 0.325185 0.775926 0.325926 0.786111 0.327407 0.799074 0.332593 0.813889 0.344444 0.818519 0.350370 0.824074 0.362222 0.825000 0.368889 0.819444 0.374074 0.812963 0.375556 0.810185 0.380000 0.802778 0.384444 0.800000 0.389630 0.787037 0.401481 0.787037 0.404444 0.789815 0.402222 0.793519 0.406667 0.806481 0.406667 0.809259 0.408148 0.808333 0.412593 0.841667 0.420000 0.861111 0.438519 0.874074 0.441481 0.873148 0.448148 0.879630 0.456296 0.882407 0.455556 0.881481 0.437037 0.876852 0.423704 0.877778 0.419259 0.869444 0.408148 0.865741 0.395556 0.865741 0.388148 0.862037 0.381481 0.854630 0.377778 0.842593 0.354815 0.837037 0.351852 0.834259 0.340741 0.829630 0.337037 0.822222 0.334815 0.819444 0.331111 0.818519 0.324444 0.804630 0.315556 0.802778 0.308148 0.788889 0.300000 0.787037 0.293333 0.778704 0.289630 0.768519 0.279259 0.761111 0.278519 0.752778 0.270370 0.747222 0.268889 0.740741 0.258519 0.731481 0.259259 0.725926 0.255556 0.724074 0.251852 0.712037 0.248889 0.704630 0.242963 0.693519 0.240741 0.675000 0.228889 0.663889 0.228148 0.649074 0.222963 0.646296 0.220000 0.637963 0.219259 0.628704 0.214815 0.612963 0.211852 0.602778 0.211852 0.597222 0.209630 0.584259 0.208889 0.581481 0.206667 0.572222 0.205926 0.566667 0.200741 0.562963 0.200741 0.560185 0.202963 0.557407 0.200741 0.550000 0.199259 0.543519 0.202222 0.534259 0.198519 0.528704 0.201481 0.521296 0.198519 0.516667 0.198519 0.512037 0.202222 0.507407 0.199259 0.501852 0.198519 0.497222 0.209630 0.487963 0.211111 0.486111 0.214074 0.484259 0.210370
7 0.678704 0.235556 0.658333 0.233333 0.654630 0.228148 0.649074 0.228889 0.643519 0.227407 0.637963 0.221481 0.630556 0.219259 0.612037 0.218519 0.604630 0.215556 0.597222 0.217778 0.592593 0.213333 0.584259 0.214815 0.575000 0.208889 0.565741 0.206667 0.560185 0.208889 0.552778 0.205185 0.549074 0.206667 0.546296 0.204444 0.500926 0.203704 0.499074 0.202222 0.479630 0.202963 0.473148 0.204444 0.467593 0.208889 0.451852 0.205185 0.428704 0.203704 0.389815 0.205926 0.362037 0.214074 0.346296 0.221481 0.332407 0.236296 0.325000 0.235556 0.321296 0.238519 0.320370 0.242963 0.318519 0.244444 0.314815 0.243704 0.312963 0.248148 0.306481 0.252593 0.303704 0.250370 0.293519 0.251852 0.283333 0.258519 0.279630 0.264444 0.268519 0.269630 0.256481 0.280000 0.251852 0.280741 0.249074 0.282963 0.249074 0.286667 0.246296 0.290370 0.227778 0.301481 0.228704 0.305926 0.225000 0.309630 0.212037 0.317037 0.212963 0.322222 0.205556 0.326667 0.200000 0.333333 0.197222 0.333333 0.197222 0.335556 0.200000 0.337037 0.195370 0.340741 0.195370 0.344444 0.187963 0.349630 0.187963 0.352593 0.180556 0.356296 0.180556 0.360741 0.174074 0.365185 0.173148 0.368889 0.166667 0.373333 0.166667 0.375556 0.162037 0.380000 0.157407 0.388889 0.155556 0.403704 0.141667 0.417037 0.126852 0.437778 0.117593 0.471111 0.117593 0.481481 0.122222 0.498519 0.137037 0.522222 0.148148 0.554815 0.154630 0.564444 0.154630 0.568889 0.162037 0.573333 0.162963 0.576296 0.161111 0.580741 0.158333 0.582222 0.155556 0.574815 0.153704 0.574074 0.151852 0.576296 0.148148 0.591111 0.151852 0.595556 0.150000 0.600741 0.154630 0.598519 0.154630 0.603704 0.158333 0.604444 0.162963 0.601481 0.165741 0.602963 0.163889 0.608148 0.168519 0.611111 0.172222 0.623704 0.187963 0.640000 0.198148 0.642222 0.187963 0.644444 0.173148 0.653333 0.175000 0.657037 0.173148 0.660741 0.173148 0.671111 0.177778 0.686667 0.186111 0.693333 0.202778 0.714074 0.217593 0.720000 0.251852 0.722222 0.275000 0.736296 0.282407 0.745185 0.302778 0.761481 0.345370 0.780000 0.378704 0.784444 0.386111 0.783704 0.394444 0.785926 0.420370 0.785926 0.424074 0.782963 0.428704 0.783704 0.432407 0.780000 0.430556 0.774815 0.433333 0.773333 0.433333 0.769630 0.425926 0.760741 0.427778 0.757778 0.434259 0.756296 0.438889 0.758519 0.448148 0.757037 0.454630 0.754074 0.455556 0.751852 0.459259 0.752593 0.475000 0.747407 0.478704 0.748148 0.483333 0.743704 0.493519 0.742222 0.503704 0.742963 0.515741 0.737037 0.525000 0.717037 0.524074 0.712593 0.525926 0.707407 0.529630 0.705185 0.528704 0.701481 0.537037 0.690370 0.537037 0.675556 0.543519 0.670370 0.539815 0.666667 0.540741 0.661481 0.538889 0.658519 0.541667 0.654815 0.541667 0.649630 0.545370 0.648148 0.552778 0.650370 0.553704 0.654815 0.557407 0.656296 0.561111 0.655556 0.563889 0.648889 0.568519 0.648889 0.572222 0.650370 0.571296 0.655556 0.575926 0.654074 0.577778 0.656296 0.592593 0.657037 0.595370 0.655556 0.612037 0.657037 0.616667 0.660741 0.616667 0.663704 0.614815 0.664444 0.612963 0.660741 0.610185 0.660741 0.612037 0.665926 0.607407 0.673333 0.608333 0.687407 0.606481 0.688148 0.606481 0.691111 0.610185 0.688889 0.624074 0.689630 0.626852 0.685926 0.625926 0.671852 0.628704 0.670370 0.628704 0.668148 0.622222 0.663704 0.625926 0.657037 0.636111 0.657037 0.637963 0.658519 0.641667 0.657037 0.651852 0.657037 0.652778 0.658519 0.659259 0.657778 0.662963 0.659259 0.665741 0.657037 0.671296 0.658519 0.677778 0.656296 0.679630 0.658519 0.678704 0.670370 0.676852 0.671111 0.675000 0.668148 0.672222 0.668889 0.671296 0.704444 0.675000 0.705926 0.673148 0.709630 0.668519 0.711852 0.667593 0.707407 0.663889 0.705926 0.669444 0.700741 0.665741 0.697037 0.667593 0.694815 0.664815 0.690370 0.666667 0.684444 0.663889 0.684444 0.662963 0.680741 0.661111 0.680741 0.652778 0.689630 0.656481 0.693333 0.654630 0.696296 0.656481 0.700741 0.654630 0.702222 0.650926 0.700000 0.646296 0.702222 0.643519 0.700000 0.638889 0.704444 0.639815 0.717778 0.637037 0.719259 0.634259 0.715556 0.633333 0.718519 0.628704 0.719259 0.625926 0.722222 0.625926 0.727407 0.627778 0.728889 0.625926 0.729630 0.625000 0.734074 0.621296 0.735556 0.620370 0.738519 0.612037 0.732593 0.611111 0.735556 0.608333 0.736296 0.609259 0.742222 0.615741 0.744444 0.615741 0.740000 0.617593 0.742222 0.620370 0.742222 0.622222 0.737778 0.625000 0.739259 0.625000 0.742222 0.622222 0.742963 0.622222 0.745185 0.625000 0.745926 0.625000 0.749630 0.621296 0.752593 0.625000 0.754074 0.625926 0.757778 0.628704 0.757778 0.630556 0.754815 0.633333 0.757778 0.637963 0.757778 0.639815 0.764444 0.637037 0.768889 0.633333 0.768889 0.633333 0.766667 0.636111 0.765185 0.635185 0.762222 0.631481 0.765185 0.626852 0.762222 0.625926 0.764444 0.628704 0.765926 0.627778 0.768889 0.625000 0.765926 0.621296 0.765926 0.619444 0.768889 0.617593 0.765926 0.612963 0.765926 0.611111 0.768889 0.609259 0.766667 0.606481 0.766667 0.607407 0.768889 0.610185 0.768889 0.609259 0.771852 0.613889 0.776296 0.608333 0.781481 0.579630 0.780000 0.576852 0.781481 0.562963 0.782222 0.565741 0.784444 0.574074 0.785926 0.592593 0.785926 0.595370 0.784444 0.620370 0.782963 0.619444 0.778519 0.615741 0.782222 0.612963 0.780000 0.612963 0.777778 0.616667 0.776296 0.615741 0.773333 0.621296 0.772593 0.622222 0.776296 0.625926 0.773333 0.628704 0.773333 0.631481 0.776296 0.631481 0.774074 0.628704 0.773333 0.630556 0.769630 0.633333 0.770370 0.633333 0.772593 0.636111 0.772593 0.637037 0.768889 0.639815 0.771111 0.637963 0.775556 0.645370 0.775556 0.654630 0.770370 0.666667 0.767407 0.667593 0.762222 0.675000 0.762222 0.685185 0.752593 0.693519 0.752593 0.693519 0.750370 0.684259 0.749630 0.682407 0.744444 0.683333 0.735556 0.687963 0.740000 0.687037 0.745185 0.693519 0.745926 0.700000 0.751852 0.709259 0.752593 0.712963 0.750370 0.717593 0.750370 0.721296 0.748148 0.721296 0.744444 0.725926 0.737037 0.732407 0.731852 0.737037 0.731111 0.744444 0.726667 0.762963 0.724444 0.767593 0.721481 0.771296 0.721481 0.786111 0.714815 0.795370 0.712593 0.800926 0.706667 0.810185 0.705926 0.824074 0.694074 0.834259 0.677037 0.842593 0.670370 0.843519 0.665185 0.846296 0.662963 0.845370 0.658519 0.850000 0.654815 0.850926 0.642963 0.854630 0.639259 0.850926 0.634074 0.852778 0.631852 0.850926 0.629630 0.851852 0.622963 0.845370 0.620741 0.837963 0.620741 0.834259 0.622963 0.832407 0.619259 0.839815 0.605926 0.851852 0.593333 0.855556 0.580741 0.858333 0.577778 0.853704 0.560000 0.850000 0.556296 0.850926 0.554074 0.860185 0.548889 0.862037 0.542963 0.869444 0.536296 0.867593 0.531111 0.858333 0.530370 0.856481 0.528889 0.859259 0.526667 0.856481 0.521481 0.859259 0.518519 0.858333 0.515556 0.854630 0.512593 0.851852 0.512593 0.850000 0.514815 0.844444 0.510370 0.845370 0.508889 0.850000 0.510370 0.850000 0.505185 0.851852 0.507407 0.855556 0.506667 0.844444 0.494815 0.847222 0.491111 0.844444 0.485926 0.846296 0.482222 0.841667 0.483704 0.837037 0.480741 0.834259 0.482963 0.828704 0.477778 0.837963 0.469630 0.842593 0.471852 0.847222 0.467407 0.844444 0.462963 0.847222 0.460000 0.844444 0.454815 0.846296 0.453333 0.850000 0.456296 0.852778 0.453333 0.858333 0.455556 0.859259 0.454074 0.865741 0.454815 0.871296 0.452593 0.871296 0.450370 0.866667 0.445926 0.858333 0.441481 0.858333 0.437778 0.862037 0.436296 0.860185 0.433333 0.861111 0.430370 0.863889 0.433333 0.867593 0.434074 0.867593 0.436296 0.870370 0.436296 0.870370 0.434074 0.866667 0.433333 0.870370 0.428148 0.867593 0.424444 0.870370 0.420000 0.863889 0.420000 0.866667 0.417037 0.864815 0.413333 0.865741 0.407407 0.862037 0.408148 0.860185 0.405926 0.857407 0.383704 0.853704 0.382222 0.850000 0.375556 0.844444 0.374074 0.841667 0.362222 0.837037 0.358519 0.826852 0.356296 0.825926 0.346667 0.818519 0.348889 0.814815 0.345926 0.813889 0.342222 0.808333 0.337778 0.812037 0.331852 0.809259 0.325926 0.804630 0.325185 0.807407 0.330370 0.803704 0.333333 0.794444 0.329630 0.800000 0.327407 0.800926 0.325185 0.798148 0.322222 0.800926 0.321481 0.802778 0.322963 0.801852 0.317778 0.792593 0.309630 0.786111 0.311111 0.781481 0.306667 0.784259 0.302222 0.776852 0.294074 0.770370 0.296296 0.766667 0.291852 0.764815 0.282222 0.751852 0.281481 0.749074 0.273333 0.743519 0.271111 0.741667 0.266667 0.729630 0.262222 0.725000 0.262963 0.715741 0.251852 0.698148 0.247407 0.694444 0.248889 0.689815 0.248148 0.687037 0.241481
