0 0.323437 0.704918 0.481250 0.704918 0.481250 1.000000 0.323437 1.000000
0 0.456250 0.618267 0.645312 0.618267 0.645312 0.871194 0.456250 0.871194
0 0.520312 0.079625 0.664062 0.079625 0.664062 0.590164 0.520312 0.590164
1 0.129688 0.252927 0.318750 0.252927 0.318750 0.543326 0.129688 0.543326
1 0.173437 0.543326 0.367188 0.543326 0.367188 0.845433 0.173437 0.845433
1 0.312500 0.374707 0.475000 0.374707 0.475000 0.526932 0.312500 0.526932
1 0.281250 0.072600 0.478125 0.072600 0.478125 0.388759 0.281250 0.388759
5 0.603125 0.372365 0.893750 0.372365 0.893750 0.772834 0.603125 0.772834
5 0.131250 0.311475 0.271875 0.311475 0.271875 0.533958 0.131250 0.533958
5 0.231250 0.606557 0.310937 0.606557 0.310937 0.875878 0.231250 0.875878
5 0.284375 0.402810 0.487500 0.402810 0.487500 0.578454 0.284375 0.578454
0 0.368750 0.711944 0.343750 0.742389 0.328125 0.786885 0.323437 0.852459 0.329688 0.906323 0.346875 0.957845 0.373437 1.000000 0.443750 1.000000 0.465625 0.957845 0.478125 0.903981 0.481250 0.838407 0.475000 0.791569 0.457813 0.744731 0.440625 0.721311 0.410938 0.704918 0.390625 0.704918
0 0.468750 0.660422 0.457813 0.693208 0.456250 0.740047 0.465625 0.758782 0.476562 0.798595 0.492188 0.826698 0.529687 0.859485 0.559375 0.871194 0.585938 0.871194 0.596875 0.861827 0.626563 0.852459 0.632812 0.845433 0.643750 0.812646 0.645312 0.770492 0.631250 0.716628 0.615625 0.686183 0.557813 0.648712 0.526563 0.618267 0.495312 0.625293
0 0.579688 0.079625 0.567187 0.079625 0.560937 0.086651 0.553125 0.119438 0.535937 0.161593 0.523438 0.222482 0.523438 0.475410 0.520312 0.538642 0.525000 0.571429 0.554688 0.590164 0.565625 0.585480 0.579688 0.538642 0.582812 0.447307 0.587500 0.428571 0.606250 0.400468 0.657813 0.351288 0.664062 0.327869 0.662500 0.295082 0.653125 0.285714 0.650000 0.269321 0.626563 0.274005 0.615625 0.245902 0.581250 0.234192 0.576562 0.238876 0.573438 0.234192 0.576562 0.213115 0.579688 0.210773 0.578125 0.196721 0.587500 0.149883 0.589063 0.100703
1 0.189062 0.257611 0.182812 0.271663 0.167187 0.283372 0.153125 0.304450 0.142187 0.306792 0.135937 0.313817 0.129688 0.332553 0.129688 0.348946 0.135937 0.377049 0.137500 0.423888 0.154688 0.475410 0.157812 0.498829 0.171875 0.524590 0.203125 0.540984 0.246875 0.536300 0.254688 0.543326 0.257812 0.536300 0.273438 0.533958 0.310937 0.491803 0.314063 0.440281 0.318750 0.421546 0.318750 0.398126 0.312500 0.370023 0.285938 0.313817 0.281250 0.297424 0.279687 0.266979 0.275000 0.257611 0.262500 0.252927
1 0.278125 0.543326 0.265625 0.545667 0.240625 0.562061 0.212500 0.569087 0.207813 0.576112 0.200000 0.571429 0.189062 0.592506 0.187500 0.578454 0.184375 0.578454 0.179688 0.597190 0.173437 0.721311 0.175000 0.747073 0.189062 0.793911 0.189062 0.805621 0.200000 0.822014 0.251563 0.845433 0.254688 0.843091 0.251563 0.765808 0.259375 0.723653 0.254688 0.704918 0.235937 0.683841 0.229687 0.665105 0.232813 0.660422 0.248438 0.674473 0.262500 0.679157 0.265625 0.676815 0.265625 0.634660 0.278125 0.613583 0.295312 0.606557 0.309375 0.618267 0.309375 0.653396 0.296875 0.672131 0.296875 0.679157 0.304688 0.679157 0.301563 0.686183 0.287500 0.695550 0.285938 0.709602 0.310937 0.747073 0.307812 0.756440 0.293750 0.756440 0.300000 0.786885 0.298438 0.838407 0.304688 0.838407 0.318750 0.822014 0.337500 0.751756 0.360938 0.716628 0.367188 0.695550 0.365625 0.667447 0.343750 0.634660 0.334375 0.606557 0.314063 0.566745 0.295312 0.548009
1 0.320312 0.435597 0.312500 0.498829 0.357812 0.482436 0.371875 0.482436 0.393750 0.498829 0.404687 0.484778 0.395313 0.461358 0.392188 0.437939 0.406250 0.402810 0.421875 0.435597 0.421875 0.459016 0.409375 0.484778 0.410938 0.494145 0.418750 0.503513 0.432812 0.498829 0.475000 0.526932 0.443750 0.391101 0.415625 0.391101 0.395313 0.374707 0.375000 0.377049 0.353125 0.391101 0.350000 0.405152 0.337500 0.400468
1 0.435937 0.084309 0.414062 0.077283 0.410938 0.121780 0.404687 0.149883 0.393750 0.168618 0.409375 0.163934 0.417187 0.170960 0.403125 0.206089 0.379688 0.234192 0.375000 0.292740 0.378125 0.292740 0.400000 0.248244 0.400000 0.229508 0.404687 0.224824 0.406250 0.231850 0.396875 0.276347 0.385937 0.290398 0.373437 0.323185 0.359375 0.313817 0.346875 0.288056 0.346875 0.274005 0.362500 0.241218 0.357812 0.222482 0.353125 0.220141 0.325000 0.241218 0.321875 0.238876 0.328125 0.217799 0.351562 0.196721 0.354687 0.182670 0.367188 0.166276 0.364063 0.145199 0.365625 0.072600 0.345313 0.081967 0.309375 0.110070 0.295312 0.152225 0.281250 0.180328 0.282813 0.292740 0.289062 0.316159 0.303125 0.339578 0.318750 0.384075 0.325000 0.388759 0.354687 0.384075 0.392188 0.360656 0.425000 0.374707 0.443750 0.360656 0.454688 0.274005 0.462500 0.236534 0.478125 0.189696 0.478125 0.163934 0.467187 0.124122 0.453125 0.100703
5 0.889062 0.372365 0.865625 0.381733 0.845313 0.379391 0.840625 0.395785 0.826562 0.405152 0.820312 0.402810 0.818750 0.409836 0.814063 0.407494 0.814063 0.393443 0.806250 0.391101 0.800000 0.426230 0.793750 0.416862 0.793750 0.405152 0.785937 0.393443 0.764062 0.393443 0.726562 0.430913 0.725000 0.447307 0.729688 0.459016 0.728125 0.463700 0.721875 0.461358 0.693750 0.426230 0.671875 0.416862 0.637500 0.419204 0.607812 0.440281 0.603125 0.489461 0.623437 0.515222 0.659375 0.538642 0.687500 0.538642 0.692187 0.531616 0.712500 0.526932 0.717187 0.533958 0.710938 0.550351 0.684375 0.573770 0.673438 0.594848 0.665625 0.622951 0.667188 0.693208 0.679688 0.730679 0.698438 0.768150 0.709375 0.772834 0.715625 0.761124 0.737500 0.740047 0.756250 0.709602 0.768750 0.674473 0.773438 0.632319 0.779687 0.615925 0.789062 0.555035 0.778125 0.517564 0.779687 0.510539 0.790625 0.508197 0.801562 0.484778 0.810937 0.482436 0.832812 0.461358 0.843750 0.459016 0.843750 0.447307 0.853125 0.430913 0.890625 0.395785 0.893750 0.379391
5 0.134375 0.318501 0.131250 0.351288 0.140625 0.386417 0.156250 0.402810 0.184375 0.400468 0.187500 0.405152 0.184375 0.414520 0.184375 0.456674 0.193750 0.459016 0.207813 0.447307 0.223438 0.498829 0.248438 0.526932 0.264062 0.533958 0.271875 0.531616 0.271875 0.489461 0.262500 0.449649 0.246875 0.419204 0.229687 0.412178 0.218750 0.400468 0.225000 0.393443 0.225000 0.374707 0.212500 0.370023 0.200000 0.379391 0.192188 0.358314 0.178125 0.339578 0.146875 0.311475
5 0.296875 0.606557 0.279687 0.608899 0.265625 0.627635 0.262500 0.676815 0.254688 0.676815 0.231250 0.658080 0.231250 0.672131 0.235937 0.686183 0.251563 0.707260 0.256250 0.728337 0.251563 0.754098 0.253125 0.826698 0.257812 0.859485 0.265625 0.861827 0.265625 0.868852 0.259375 0.871194 0.259375 0.875878 0.287500 0.875878 0.296875 0.845433 0.298438 0.822014 0.295312 0.817330 0.300000 0.812646 0.296875 0.800937 0.300000 0.791569 0.293750 0.761124 0.303125 0.754098 0.307812 0.756440 0.309375 0.744731 0.285938 0.707260 0.285938 0.697892 0.306250 0.669789 0.310937 0.651054 0.310937 0.618267
5 0.487500 0.562061 0.481250 0.538642 0.468750 0.517564 0.454688 0.512881 0.434375 0.494145 0.420312 0.494145 0.415625 0.487119 0.415625 0.477752 0.423438 0.461358 0.423438 0.435597 0.410938 0.402810 0.403125 0.402810 0.393750 0.426230 0.390625 0.447307 0.398438 0.477752 0.390625 0.489461 0.384375 0.489461 0.373437 0.477752 0.354687 0.480094 0.314063 0.498829 0.284375 0.519906 0.287500 0.526932 0.300000 0.531616 0.353125 0.536300 0.385937 0.515222 0.393750 0.524590 0.390625 0.536300 0.393750 0.578454 0.407813 0.569087 0.415625 0.538642 0.429688 0.562061 0.442188 0.569087 0.467187 0.571429
