0 0.419643 0.344907 0.416171 0.338624 0.411954 0.332672 0.404762 0.327381 0.400050 0.326058 0.392113 0.326389 0.389385 0.328042 0.384673 0.329365 0.376240 0.337632 0.374504 0.343915 0.368056 0.354167 0.366319 0.364749 0.366567 0.370040 0.367808 0.375331 0.372272 0.384590 0.373512 0.384590 0.380952 0.355159 0.383433 0.352513 0.388145 0.351190 0.391865 0.356481 0.394097 0.362103 0.396825 0.365410 0.400546 0.366071 0.406002 0.368386 0.412698 0.367394 0.419643 0.362434 0.420635 0.360450 0.420883 0.351190
0 0.509921 0.268849 0.506448 0.268188 0.502480 0.268519 0.494544 0.271825 0.489583 0.275794 0.485615 0.281085 0.484375 0.284392 0.483383 0.295304 0.482391 0.299934 0.482143 0.314484 0.483879 0.318783 0.487599 0.324405 0.490327 0.330688 0.491071 0.338624 0.493304 0.340608 0.506448 0.340608 0.517857 0.330688 0.521329 0.326389 0.522817 0.322090 0.523313 0.316799 0.525298 0.310185 0.525546 0.301918 0.525050 0.298280 0.523313 0.293320 0.522569 0.286045 0.521577 0.283069 0.516865 0.278108 0.514385 0.271825
0 0.511409 0.348876 0.508681 0.345238 0.505208 0.343585 0.493552 0.343254 0.483879 0.344577 0.478423 0.343585 0.469990 0.343585 0.461806 0.345899 0.459325 0.347553 0.454613 0.348876 0.447669 0.353836 0.445685 0.357474 0.445188 0.360780 0.445437 0.364749 0.447421 0.367725 0.451885 0.368717 0.460069 0.366402 0.467758 0.362765 0.470238 0.360780 0.475446 0.359458 0.482143 0.356481 0.491319 0.351190 0.498760 0.349537 0.502232 0.351521 0.504712 0.351852 0.505208 0.352844 0.506448 0.353175 0.507440 0.351521 0.511161 0.350860
0 0.512897 0.345899 0.510417 0.343915 0.505456 0.342593 0.501240 0.342593 0.498760 0.344907 0.498760 0.346892 0.501736 0.353175 0.502480 0.356151 0.502480 0.358135 0.501240 0.361442 0.501240 0.365079 0.498760 0.374339 0.497272 0.375992 0.493304 0.376984 0.490823 0.379960 0.486111 0.381283 0.479911 0.388889 0.479911 0.392196 0.480407 0.393188 0.485119 0.396495 0.488839 0.396164 0.505952 0.387235 0.511657 0.380622 0.515377 0.373347 0.516369 0.365410 0.516369 0.361442 0.514881 0.349206
0 0.615327 0.300595 0.609127 0.300926 0.606647 0.303241 0.603919 0.304563 0.601438 0.307209 0.600446 0.310847 0.598710 0.313161 0.596974 0.321098 0.596974 0.326720 0.598958 0.334325 0.602679 0.338624 0.609375 0.338624 0.615079 0.337632 0.622024 0.335317 0.624504 0.333664 0.628472 0.328373 0.629216 0.326389 0.629712 0.323082 0.629464 0.319114 0.627480 0.313492 0.621528 0.305886
0 0.595238 0.378638 0.593254 0.377646 0.589782 0.377646 0.585813 0.379299 0.583085 0.382275 0.580109 0.384259 0.577629 0.389220 0.575149 0.391534 0.572173 0.396495 0.570933 0.400463 0.570933 0.405423 0.573413 0.411706 0.577133 0.416667 0.583085 0.418651 0.587550 0.417989 0.592262 0.415013 0.594494 0.412037 0.595734 0.409061 0.599454 0.404762 0.601190 0.396825 0.601190 0.391865 0.599206 0.384590
0 0.557292 0.360780 0.554812 0.360780 0.552331 0.361772 0.548611 0.364749 0.543155 0.372354 0.541171 0.376653 0.536210 0.383267 0.536210 0.389220 0.539931 0.393519 0.541667 0.397156 0.544891 0.400463 0.553571 0.397156 0.560020 0.391204 0.562004 0.387566 0.563244 0.376984 0.563244 0.369378 0.561260 0.364418
2 0.658234 0.476852 0.656746 0.478505 0.656250 0.481151 0.654018 0.485450 0.652778 0.489749 0.653026 0.497354 0.651538 0.504960 0.651786 0.518188 0.650298 0.525794 0.650298 0.533399 0.647817 0.541997 0.647073 0.551918 0.644097 0.560516 0.644097 0.568122 0.642361 0.576058 0.640625 0.580026 0.640873 0.583995 0.640377 0.588294 0.641121 0.590608 0.642857 0.592923 0.652034 0.595899 0.653770 0.597222 0.655506 0.599868 0.655506 0.609127 0.654514 0.613426 0.652530 0.615741 0.652778 0.619048 0.653522 0.620701 0.656002 0.623016 0.656746 0.625331 0.658978 0.626653 0.659970 0.629960 0.661706 0.630622 0.661706 0.631614 0.660218 0.632937 0.659970 0.634590 0.663194 0.638228 0.662202 0.642857 0.662946 0.646825 0.659722 0.649471 0.659722 0.650794 0.662698 0.653770 0.663938 0.656746 0.668403 0.660053 0.670635 0.660053 0.673611 0.658069 0.682788 0.658730 0.685020 0.657738 0.686756 0.654431 0.687748 0.643849 0.687252 0.638889 0.687748 0.635582 0.687500 0.629960 0.689732 0.617063 0.691220 0.612765 0.693948 0.608796 0.697421 0.589286 0.702877 0.579365 0.703125 0.573082 0.702629 0.565476 0.701141 0.560185 0.701141 0.556548 0.702381 0.549934 0.702133 0.539021 0.703125 0.531085 0.703373 0.518849 0.704861 0.513558 0.705605 0.500661 0.706597 0.493717 0.704365 0.486442 0.700397 0.482804 0.680060 0.478836 0.672123 0.479167 0.661458 0.476852
0 0.423115 0.384259 0.421379 0.387566 0.420387 0.392857 0.425843 0.402116 0.429812 0.414021 0.431052 0.415344 0.433284 0.415675 0.442708 0.415344 0.444444 0.414352 0.445933 0.411376 0.445933 0.403439 0.444940 0.397487 0.443452 0.393519 0.438988 0.387897 0.437500 0.384259 0.436012 0.382275 0.433532 0.381283 0.428819 0.381614
0 0.314732 0.454365 0.315228 0.460317 0.316468 0.463624 0.319196 0.467593 0.325893 0.470238 0.329861 0.473214 0.333581 0.473876 0.337054 0.475529 0.341766 0.475198 0.346974 0.471561 0.348958 0.467923 0.349454 0.459325 0.348710 0.455357 0.345734 0.450397 0.342014 0.446759 0.334821 0.445437 0.322421 0.446098 0.318204 0.449074
0 0.388393 0.431878 0.382937 0.431548 0.377232 0.432870 0.369544 0.437169 0.362599 0.447751 0.359375 0.454365 0.358879 0.458664 0.357391 0.462632 0.357639 0.467923 0.359127 0.469907 0.363095 0.472222 0.366815 0.479167 0.368304 0.480159 0.369792 0.480159 0.373264 0.478175 0.377976 0.471230 0.381944 0.466931 0.387897 0.455688 0.389881 0.449735 0.391121 0.440146 0.390377 0.435847
0 0.375744 0.528770 0.374752 0.533399 0.374008 0.544643 0.372520 0.548280 0.372768 0.557209 0.373760 0.560516 0.373264 0.562831 0.373512 0.573413 0.374256 0.575728 0.373512 0.577381 0.369792 0.579365 0.368304 0.581349 0.366071 0.587632 0.366071 0.592262 0.367560 0.593915 0.372520 0.595569 0.377728 0.595238 0.380208 0.596230 0.384425 0.595569 0.389385 0.597553 0.396577 0.603836 0.400794 0.608796 0.402282 0.612103 0.404514 0.615079 0.406250 0.623677 0.407738 0.625661 0.415923 0.629299 0.420635 0.629299 0.424107 0.627976 0.432044 0.629299 0.436508 0.634590 0.439236 0.640873 0.446677 0.648148 0.452381 0.651786 0.455605 0.655093 0.466022 0.657077 0.471230 0.656746 0.474206 0.655093 0.476438 0.649802 0.478919 0.647156 0.482887 0.647156 0.486111 0.645172 0.497024 0.644841 0.501984 0.641534 0.506696 0.641534 0.513145 0.639220 0.518105 0.635251 0.525794 0.635251 0.530506 0.631944 0.531994 0.628968 0.534722 0.620701 0.535714 0.609788 0.535466 0.606481 0.533730 0.599868 0.530754 0.598214 0.529762 0.596892 0.528770 0.596892 0.527778 0.598214 0.524802 0.599537 0.522073 0.602513 0.517857 0.603505 0.514881 0.611111 0.514385 0.614749 0.513393 0.617063 0.507440 0.620040 0.505208 0.623016 0.499008 0.624669 0.486111 0.624669 0.484871 0.623347 0.483879 0.610780 0.484623 0.599206 0.483383 0.595569 0.474950 0.592262 0.471726 0.588294 0.469742 0.580026 0.467510 0.574074 0.462550 0.567791 0.460069 0.560847 0.455605 0.555556 0.452133 0.547288 0.450397 0.544643 0.449157 0.540675 0.448909 0.537368 0.447669 0.532738 0.448909 0.529431 0.448661 0.525132 0.451141 0.521164 0.452133 0.514550 0.450645 0.510251 0.451141 0.506944 0.450893 0.502315 0.454365 0.498677 0.454861 0.496362 0.454861 0.490410 0.452381 0.487434 0.448165 0.486111 0.434524 0.486772 0.432292 0.485780 0.423363 0.486111 0.412698 0.491733 0.407738 0.492063 0.403274 0.493386 0.400794 0.495040 0.395585 0.500661 0.392113 0.502976 0.387897 0.511905 0.381200 0.518519 0.380456 0.521495
0 0.452877 0.502315 0.452381 0.505291 0.452629 0.509259 0.454365 0.513558 0.464286 0.521495 0.466518 0.525132 0.465526 0.526455 0.462054 0.527447 0.459573 0.530093 0.452877 0.529762 0.451637 0.530754 0.451637 0.537698 0.454861 0.541997 0.463046 0.544312 0.474454 0.544974 0.482391 0.541997 0.484375 0.538029 0.485863 0.532407 0.487847 0.529101 0.488839 0.518188 0.490327 0.516534 0.493552 0.515542 0.498016 0.515542 0.506200 0.520172 0.516617 0.528770 0.523562 0.533399 0.528522 0.540675 0.530010 0.541667 0.533730 0.541997 0.536210 0.540675 0.537698 0.538360 0.538690 0.532407 0.537946 0.529431 0.537698 0.523810 0.536706 0.521164 0.534226 0.517526 0.531002 0.515212 0.527530 0.511243 0.516865 0.504960 0.513641 0.500661 0.509177 0.496362 0.506944 0.492725 0.501984 0.488757 0.487103 0.484788 0.475446 0.484458 0.470238 0.485780 0.465030 0.491071 0.460565 0.493717
2 0.434772 0.231812 0.429315 0.235450 0.426339 0.241071 0.422619 0.242725 0.421379 0.244378 0.420635 0.247024 0.419147 0.248677 0.415675 0.249669 0.411458 0.253638 0.408482 0.253307 0.407242 0.254299 0.403770 0.259259 0.401786 0.264220 0.399058 0.267857 0.399802 0.279431 0.398810 0.278439 0.394841 0.277778 0.392113 0.274802 0.388641 0.274140 0.384673 0.276786 0.381944 0.280423 0.379464 0.282407 0.375992 0.287698 0.372272 0.288360 0.369296 0.287037 0.367063 0.291997 0.365575 0.292659 0.364335 0.292328 0.361607 0.290013 0.358631 0.292328 0.353671 0.294312 0.351438 0.297288 0.347966 0.298942 0.346230 0.301918 0.344990 0.306217 0.344990 0.310847 0.343006 0.314484 0.342262 0.318122 0.341022 0.319444 0.337302 0.321098 0.335069 0.324735 0.329365 0.329365 0.328869 0.330357 0.328373 0.336971 0.328621 0.353175 0.326389 0.356812 0.319940 0.361442 0.319444 0.364749 0.317708 0.367394 0.314732 0.367725 0.313740 0.369709 0.312996 0.373677 0.308532 0.379960 0.306300 0.391865 0.306548 0.404431 0.305308 0.406746 0.302331 0.408730 0.302331 0.412037 0.301835 0.414352 0.300595 0.416336 0.300595 0.419312 0.298115 0.423280 0.298611 0.427249 0.297619 0.431217 0.297619 0.435847 0.298115 0.437169 0.299107 0.437831 0.301339 0.437169 0.303323 0.437831 0.308780 0.445106 0.311012 0.446759 0.311260 0.448743 0.311012 0.450728 0.310020 0.452381 0.306548 0.452381 0.302579 0.451058 0.298115 0.452712 0.296131 0.454696 0.297619 0.466601 0.295139 0.470238 0.295883 0.476852 0.295635 0.478505 0.293651 0.482474 0.294395 0.484458 0.295883 0.486111 0.296379 0.488095 0.299355 0.488426 0.300347 0.489418 0.298115 0.490410 0.295139 0.489087 0.293899 0.491402 0.293651 0.493386 0.291419 0.497354 0.290179 0.502315 0.290427 0.509921 0.291419 0.514220 0.296875 0.525132 0.298115 0.529431 0.301587 0.531085 0.306300 0.531085 0.309028 0.532738 0.308780 0.538029 0.310516 0.541005 0.311508 0.540344 0.312252 0.533069 0.313244 0.529101 0.314980 0.525794 0.316220 0.527116 0.317212 0.530093 0.320685 0.533069 0.321925 0.537698 0.324901 0.540344 0.326885 0.540344 0.330853 0.537037 0.335069 0.535053 0.337054 0.533069 0.339534 0.533399 0.341270 0.535053 0.342510 0.535053 0.345238 0.532738 0.352927 0.533069 0.354415 0.533730 0.356151 0.535714 0.358135 0.535714 0.360863 0.532407 0.361855 0.532407 0.362599 0.533730 0.361855 0.536376 0.361855 0.544974 0.360615 0.546296 0.356151 0.545966 0.350694 0.547950 0.349454 0.552249 0.352183 0.554894 0.352431 0.556878 0.350942 0.558532 0.348462 0.559193 0.347718 0.561177 0.345238 0.563823 0.345238 0.565146 0.346478 0.566138 0.351438 0.567130 0.352431 0.568452 0.354663 0.575066 0.354167 0.578373 0.353423 0.579034 0.340774 0.578704 0.338542 0.579696 0.334573 0.578373 0.327381 0.578704 0.325149 0.580357 0.327133 0.584325 0.326885 0.589616 0.325149 0.591270 0.330357 0.590939 0.333085 0.592923 0.336310 0.592593 0.338542 0.591270 0.340774 0.591270 0.343006 0.589286 0.346478 0.588624 0.346726 0.587302 0.343502 0.584656 0.345238 0.582672 0.350446 0.583664 0.352679 0.581680 0.353919 0.581680 0.357143 0.584656 0.357391 0.589286 0.356647 0.591270 0.354167 0.588955 0.352927 0.588955 0.352431 0.589947 0.349454 0.591270 0.345238 0.595238 0.345734 0.596561 0.352679 0.599868 0.353919 0.599868 0.356151 0.597553 0.357143 0.597884 0.357887 0.601521 0.357887 0.608466 0.357143 0.611111 0.357391 0.620040 0.356647 0.621693 0.354911 0.621693 0.354415 0.621032 0.354415 0.619378 0.355903 0.616071 0.356151 0.611442 0.354167 0.609788 0.341022 0.609458 0.338294 0.611772 0.334821 0.609788 0.329613 0.609788 0.327381 0.610780 0.326637 0.612434 0.328373 0.616071 0.328621 0.619709 0.333333 0.623016 0.334573 0.623347 0.337550 0.621362 0.341518 0.621693 0.346726 0.621032 0.347718 0.622024 0.346726 0.623677 0.343502 0.624339 0.342758 0.626323 0.343502 0.631283 0.343254 0.634921 0.344246 0.638228 0.342510 0.642196 0.343750 0.646164 0.343502 0.653108 0.340526 0.657407 0.339286 0.662037 0.340030 0.672950 0.341270 0.677910 0.343006 0.681548 0.343254 0.684524 0.344742 0.687831 0.346230 0.695106 0.349454 0.697751 0.350446 0.700728 0.353919 0.705688 0.355407 0.709325 0.358879 0.713294 0.359375 0.716270 0.360367 0.717593 0.364831 0.719907 0.368800 0.720899 0.369792 0.722222 0.371032 0.725198 0.371280 0.728175 0.372520 0.732143 0.375248 0.732143 0.377480 0.730159 0.379216 0.730489 0.379960 0.732143 0.380952 0.732143 0.380208 0.729497 0.380704 0.727844 0.385169 0.726190 0.388889 0.725860 0.395089 0.721230 0.395337 0.718254 0.394841 0.717593 0.393353 0.717593 0.392857 0.716270 0.394841 0.714947 0.395337 0.710979 0.397073 0.709325 0.397569 0.707011 0.400546 0.704365 0.399802 0.702712 0.399554 0.699074 0.398810 0.698082 0.396081 0.697751 0.392113 0.695106 0.391617 0.693783 0.392113 0.690146 0.393105 0.689153 0.396825 0.688823 0.399058 0.689815 0.400794 0.692791 0.404018 0.693122 0.405258 0.690476 0.404762 0.686508 0.405010 0.681217 0.406746 0.676587 0.408234 0.674603 0.409226 0.674603 0.414683 0.676918 0.418899 0.683862 0.419891 0.689484 0.422123 0.693783 0.423115 0.697421 0.425595 0.698743 0.426587 0.700397 0.425843 0.704696 0.427827 0.707011 0.431548 0.714616 0.434028 0.725529 0.436508 0.727513 0.438244 0.730489 0.440476 0.731812 0.441716 0.734458 0.444692 0.737434 0.447421 0.739087 0.449653 0.741733 0.451637 0.742063 0.455605 0.738426 0.459325 0.737765 0.463294 0.731812 0.466022 0.733796 0.467262 0.733466 0.467262 0.730820 0.464782 0.728836 0.466766 0.725198 0.467262 0.720238 0.466022 0.718915 0.463542 0.718254 0.462054 0.716931 0.462054 0.715278 0.463046 0.713294 0.462798 0.708995 0.463790 0.707341 0.466270 0.705688 0.468254 0.708995 0.473710 0.714286 0.476687 0.718585 0.480655 0.720899 0.482391 0.723214 0.484127 0.730489 0.486111 0.732474 0.487351 0.735450 0.489335 0.736442 0.490823 0.738426 0.493056 0.744048 0.497768 0.748347 0.500992 0.752315 0.501240 0.756283 0.502232 0.757606 0.505704 0.757275 0.509425 0.759921 0.508433 0.763228 0.505456 0.767196 0.504960 0.771164 0.510169 0.776124 0.513889 0.777778 0.518353 0.777447 0.521329 0.775132 0.528770 0.777778 0.536706 0.776455 0.544395 0.777116 0.548611 0.780093 0.559524 0.785384 0.565228 0.784392 0.571925 0.780423 0.576389 0.780754 0.579613 0.779101 0.584573 0.779101 0.585565 0.776455 0.591518 0.774471 0.593750 0.770503 0.595982 0.767857 0.594990 0.763889 0.597222 0.760582 0.603671 0.756614 0.605407 0.748677 0.604911 0.743717 0.606399 0.741402 0.611111 0.737434 0.620288 0.737765 0.622272 0.737434 0.623264 0.736442 0.624752 0.732143 0.625248 0.727844 0.628472 0.718915 0.630704 0.716931 0.630456 0.705357 0.627232 0.702050 0.626984 0.701058 0.632688 0.695437 0.638393 0.693122 0.640377 0.690476 0.646081 0.686508 0.654266 0.686508 0.656250 0.685185 0.659474 0.679894 0.661954 0.677249 0.662946 0.674934 0.664435 0.672950 0.667411 0.670966 0.674107 0.661376 0.678075 0.660384 0.686012 0.660384 0.689980 0.655423 0.693204 0.654762 0.692956 0.651786 0.690228 0.651124 0.689980 0.650132 0.692956 0.649471 0.693948 0.647817 0.694692 0.643188 0.696925 0.638558 0.697173 0.635582 0.698909 0.631283 0.700645 0.629299 0.702629 0.621362 0.704365 0.617063 0.706101 0.615079 0.708581 0.614418 0.710069 0.609788 0.710317 0.607474 0.709821 0.606481 0.706845 0.606481 0.705605 0.607804 0.705109 0.607143 0.706101 0.601852 0.708333 0.599537 0.709325 0.599537 0.712550 0.602183 0.716270 0.601852 0.717510 0.600198 0.718750 0.596230 0.721726 0.591601 0.720238 0.588294 0.720734 0.583995 0.718998 0.580357 0.717758 0.579365 0.714534 0.579034 0.709077 0.580357 0.705605 0.580357 0.704365 0.578373 0.703869 0.566468 0.702381 0.556217 0.703373 0.547288 0.703125 0.539352 0.704117 0.530423 0.704117 0.523148 0.705853 0.511243 0.706101 0.498016 0.706597 0.495370 0.705605 0.486111 0.700645 0.479828 0.693204 0.479167 0.689980 0.477513 0.685020 0.477844 0.678571 0.475529 0.677331 0.473876 0.677083 0.470238 0.675347 0.465939 0.674603 0.458995 0.674851 0.455357 0.673115 0.451720 0.672867 0.442791 0.673363 0.439815 0.677083 0.435185 0.678819 0.431217 0.684524 0.423611 0.689980 0.419643 0.692460 0.412698 0.692460 0.406746 0.692956 0.404762 0.688740 0.396495 0.687996 0.393519 0.687996 0.377646 0.686756 0.371362 0.685516 0.368386 0.680060 0.360780 0.675099 0.355159 0.672867 0.345899 0.670635 0.340608 0.666915 0.336640 0.661210 0.333664 0.654514 0.333664 0.649554 0.335317 0.646329 0.338624 0.642113 0.339616 0.640625 0.342262 0.639633 0.350529 0.638393 0.354828 0.635665 0.355159 0.633681 0.354167 0.633433 0.352844 0.634425 0.350860 0.634425 0.349206 0.632688 0.345899 0.632440 0.333003 0.631696 0.329696 0.631944 0.326389 0.630952 0.322751 0.631200 0.318452 0.629464 0.312831 0.627480 0.311508 0.623264 0.304563 0.618800 0.302249 0.616815 0.298942 0.617560 0.297619 0.619296 0.296627 0.627728 0.296296 0.631448 0.296958 0.632937 0.295635 0.633433 0.294312 0.631696 0.291005 0.631448 0.286376 0.630456 0.283399 0.628720 0.282407 0.627480 0.279762 0.623512 0.274471 0.617560 0.269841 0.614583 0.263889 0.611111 0.261243 0.597470 0.265542 0.594742 0.265542 0.592262 0.264550 0.585565 0.265212 0.583581 0.265873 0.580853 0.268188 0.579861 0.267857 0.578621 0.265873 0.576141 0.263889 0.571925 0.263889 0.568700 0.265212 0.563740 0.264881 0.562748 0.262897 0.563244 0.258267 0.562748 0.252315 0.563740 0.251323 0.572669 0.251323 0.573413 0.252315 0.570685 0.254960 0.570685 0.256283 0.572173 0.258267 0.584573 0.257275 0.588542 0.258598 0.595734 0.256614 0.595238 0.255291 0.591518 0.251323 0.588046 0.251984 0.588542 0.248347 0.579613 0.240079 0.572421 0.236772 0.563988 0.234458 0.561012 0.231812 0.555556 0.231481 0.552331 0.232143 0.545139 0.227844 0.538938 0.226521 0.533978 0.221230 0.525794 0.216931 0.521329 0.216931 0.517113 0.218254 0.515625 0.219907 0.514385 0.223214 0.513393 0.223876 0.511409 0.220899 0.508433 0.218585 0.506200 0.215278 0.502728 0.213955 0.497520 0.216931 0.495784 0.221561 0.495288 0.225860 0.492808 0.230489 0.489087 0.231481 0.485615 0.233796 0.480655 0.229167 0.477927 0.228505 0.475694 0.230820 0.472966 0.231481 0.470982 0.233466 0.466022 0.235780 0.465030 0.236772 0.465526 0.240079 0.467262 0.241071 0.468750 0.243717 0.467758 0.245701 0.464286 0.246362 0.463046 0.248016 0.458829 0.247354 0.455357 0.249008 0.454365 0.247685 0.455109 0.243056 0.453373 0.241071 0.447917 0.238426 0.445933 0.235450 0.443700 0.234127 0.436260 0.231481
0 0.418403 0.407407 0.416171 0.404762 0.413194 0.403439 0.407986 0.403770 0.404762 0.406085 0.401290 0.406415 0.392857 0.410384 0.391121 0.412368 0.389633 0.415344 0.389633 0.420304 0.392113 0.425926 0.396825 0.428241 0.405258 0.428902 0.412698 0.426918 0.417659 0.423611 0.418899 0.421296 0.419643 0.412368
2 0.365079 0.535714 0.364087 0.538029 0.363095 0.543981 0.364583 0.552249 0.363839 0.553571 0.360615 0.555556 0.359375 0.557209 0.356895 0.564484 0.357639 0.575066 0.358631 0.579365 0.359375 0.594246 0.358879 0.599537 0.358879 0.608135 0.359623 0.611111 0.359127 0.624669 0.360367 0.630291 0.360367 0.639550 0.363591 0.650132 0.363591 0.653770 0.361855 0.657407 0.361855 0.659061 0.363591 0.662368 0.372272 0.672619 0.376984 0.674272 0.383185 0.683201 0.389137 0.685847 0.393105 0.686177 0.396081 0.685516 0.398562 0.683532 0.401786 0.677910 0.404514 0.674603 0.411954 0.674272 0.417411 0.670966 0.421875 0.664352 0.423611 0.663029 0.436508 0.663360 0.444444 0.659392 0.445685 0.657077 0.445685 0.652447 0.444692 0.648479 0.441468 0.643849 0.436260 0.639220 0.434772 0.634921 0.432540 0.631944 0.425347 0.628968 0.423115 0.628968 0.420635 0.630622 0.418403 0.630622 0.413194 0.628968 0.408730 0.625331 0.406746 0.622685 0.405506 0.618056 0.401786 0.610119 0.395833 0.602513 0.387897 0.596892 0.381200 0.595238 0.372520 0.594577 0.369544 0.593585 0.368056 0.592262 0.367808 0.588294 0.368800 0.585317 0.374008 0.576720 0.372768 0.560185 0.370784 0.553902 0.369048 0.550595 0.369048 0.548942 0.372272 0.545635 0.372768 0.541005 0.371032 0.535714 0.369544 0.533730 0.368056 0.533730
5 0.575397 0.546627 0.573661 0.549272 0.573661 0.557209 0.572421 0.560847 0.568204 0.566799 0.563740 0.569775 0.562748 0.571759 0.561260 0.578042 0.557044 0.580688 0.555060 0.583333 0.555060 0.585317 0.556300 0.587632 0.559276 0.588624 0.571925 0.587632 0.575397 0.589947 0.580109 0.596230 0.581349 0.599206 0.584077 0.601190 0.587054 0.609127 0.589038 0.610780 0.592510 0.615741 0.593502 0.619048 0.593502 0.627646 0.592758 0.632275 0.590774 0.635913 0.585069 0.640212 0.580357 0.640873 0.571181 0.636243 0.569444 0.634259 0.566220 0.632937 0.564236 0.630622 0.562500 0.630291 0.561508 0.628968 0.561260 0.627315 0.559772 0.627315 0.559772 0.630291 0.558036 0.633598 0.557788 0.638889 0.560516 0.643188 0.561260 0.647487 0.564236 0.655093 0.565228 0.660384 0.568700 0.663690 0.570437 0.669312 0.571429 0.670635 0.577133 0.672950 0.578125 0.674272 0.575893 0.677910 0.572173 0.681548 0.569196 0.692791 0.567212 0.696429 0.566716 0.701058 0.565476 0.704365 0.564732 0.711971 0.564980 0.723545 0.565724 0.728175 0.567956 0.732143 0.571677 0.742063 0.579117 0.750992 0.588542 0.757606 0.595734 0.760251 0.599454 0.759921 0.603423 0.755952 0.603423 0.748016 0.602431 0.744378 0.602679 0.740079 0.607887 0.733135 0.609127 0.719907 0.610615 0.711971 0.616071 0.704365 0.620536 0.701389 0.626984 0.695437 0.630704 0.694444 0.633185 0.691799 0.639633 0.689153 0.642113 0.685516 0.642113 0.680886 0.640625 0.674272 0.639385 0.672288 0.634921 0.668981 0.630208 0.667328 0.627480 0.667328 0.626488 0.665344 0.626240 0.661376 0.625496 0.659061 0.625744 0.652447 0.625248 0.648479 0.625000 0.629960 0.623760 0.616071 0.622024 0.606481 0.617808 0.593915 0.616071 0.591270 0.615327 0.586971 0.610863 0.578042 0.608135 0.568783 0.604663 0.563823 0.600198 0.559854 0.596726 0.557870 0.591518 0.552910 0.581597 0.546958
2 0.536954 0.632937 0.534970 0.633267 0.533482 0.635582 0.532738 0.635582 0.531250 0.633929 0.528274 0.633929 0.525794 0.635582 0.521825 0.636905 0.517609 0.636243 0.513889 0.640212 0.510169 0.640542 0.506200 0.642526 0.502232 0.643188 0.498512 0.647156 0.494792 0.648810 0.485615 0.648479 0.482143 0.650794 0.478175 0.652116 0.474950 0.657077 0.470486 0.660053 0.465030 0.658730 0.459325 0.659392 0.452133 0.665013 0.450645 0.668320 0.450397 0.670304 0.451885 0.673611 0.451389 0.678571 0.452629 0.685847 0.454365 0.687831 0.458333 0.689484 0.460565 0.694114 0.463294 0.697751 0.466022 0.700066 0.468254 0.704034 0.476190 0.714286 0.480655 0.719246 0.483135 0.720899 0.484127 0.722222 0.486111 0.728505 0.492063 0.736111 0.494048 0.740741 0.497024 0.744709 0.499752 0.746032 0.502232 0.749008 0.506448 0.751653 0.516617 0.754630 0.529018 0.754299 0.531746 0.752976 0.533730 0.749339 0.535714 0.750331 0.544643 0.749008 0.552579 0.742063 0.555804 0.736442 0.555804 0.732804 0.556796 0.728175 0.555308 0.725198 0.550843 0.719907 0.548859 0.714616 0.548859 0.712302 0.550099 0.709325 0.549851 0.705026 0.553819 0.693122 0.554315 0.684524 0.553571 0.682209 0.552083 0.680886 0.548611 0.679563 0.544395 0.674272 0.533234 0.671296 0.531002 0.669643 0.529018 0.666005 0.530010 0.659061 0.531002 0.657738 0.536706 0.656085 0.537946 0.654431 0.537450 0.650132 0.539435 0.646164 0.539435 0.641865 0.540675 0.638889 0.538690 0.636905 0.537946 0.633929
0 0.532242 0.391534 0.529762 0.392857 0.526042 0.400463 0.524306 0.409061 0.524554 0.424934 0.525546 0.427579 0.529018 0.432540 0.532490 0.435516 0.534226 0.435847 0.537698 0.434854 0.542659 0.428902 0.543651 0.424603 0.543651 0.411045 0.543155 0.403770 0.539683 0.396164 0.536458 0.392196
0 0.565972 0.407077 0.562996 0.407077 0.560268 0.408399 0.548115 0.420304 0.546875 0.423611 0.546875 0.431548 0.549107 0.438161 0.555308 0.444775 0.560516 0.447751 0.563740 0.448743 0.565476 0.448413 0.568700 0.446098 0.572669 0.438823 0.574157 0.432870 0.574901 0.426257 0.574653 0.419312 0.573413 0.414683 0.569196 0.408399
