5 0.534969 0.258880 0.577810 0.258880 0.577810 0.303918 0.534969 0.303918
5 0.477481 0.374954 0.498718 0.374954 0.498718 0.407909 0.477481 0.407909
5 0.291102 0.290370 0.319297 0.290370 0.319297 0.340168 0.291102 0.340168
5 0.189674 0.449652 0.231783 0.449652 0.231783 0.471622 0.189674 0.471622
5 0.275723 0.389967 0.305383 0.389967 0.305383 0.422922 0.275723 0.422922
5 0.524350 0.309044 0.555108 0.309044 0.555108 0.341999 0.524350 0.341999
5 0.425851 0.442329 0.472721 0.442329 0.472721 0.485536 0.425851 0.485536
5 0.550348 0.394361 0.599780 0.394361 0.599780 0.447821 0.550348 0.447821
5 0.293665 0.453680 0.327353 0.453680 0.327353 0.484072 0.293665 0.484072
5 0.432808 0.388136 0.466130 0.388136 0.466130 0.422922 0.432808 0.422922
5 0.481509 0.336507 0.569755 0.336507 0.569755 0.392896 0.481509 0.392896
0 0.302087 0.490663 0.500183 0.490663 0.500183 0.676675 0.302087 0.676675
0 0.258513 0.288905 0.400586 0.288905 0.400586 0.533504 0.258513 0.533504
0 0.366166 0.285610 0.487733 0.285610 0.487733 0.378250 0.366166 0.378250
0 0.630904 0.345295 0.710363 0.345295 0.710363 0.397290 0.630904 0.397290
5 0.660564 0.371659 0.980959 0.371659 0.980959 0.589528 0.660564 0.589528
1 0.189308 0.425851 0.913585 0.425851 0.913585 0.840718 0.189308 0.840718
5 0.302087 0.428781 0.334310 0.428781 0.334310 0.452215 0.302087 0.452215
