5 0.537063 0.358974 0.583683 0.358974 0.583683 0.530070 0.537063 0.530070
1 0.179953 0.193473 0.924009 0.193473 0.924009 0.811655 0.179953 0.811655
0 0.227040 0.317016 0.354312 0.317016 0.354312 0.435897 0.227040 0.435897
0 0.248951 0.438695 0.371096 0.438695 0.371096 0.581818 0.248951 0.581818
0 0.330070 0.247552 0.547319 0.247552 0.547319 0.401865 0.330070 0.401865
0 0.337063 0.403730 0.541259 0.403730 0.541259 0.500233 0.337063 0.500233
0 0.352914 0.158974 0.487646 0.158974 0.487646 0.256410 0.352914 0.256410
5 0.438695 0.137063 0.521212 0.137063 0.521212 0.228438 0.438695 0.228438
0 0.543590 0.226573 0.670396 0.226573 0.670396 0.345921 0.543590 0.345921
0 0.523543 0.169697 0.610723 0.169697 0.610723 0.230769 0.523543 0.230769
0 0.593939 0.311422 0.721678 0.311422 0.721678 0.416783 0.593939 0.416783
5 0.271795 0.227972 0.404196 0.227972 0.404196 0.320280 0.271795 0.320280
