0 0.469378 0.405393 0.555759 0.405393 0.555759 0.506856 0.469378 0.506856
0 0.441042 0.526965 0.553016 0.526965 0.553016 0.613803 0.441042 0.613803
0 0.675960 0.463437 0.804845 0.463437 0.804845 0.609232 0.675960 0.609232
0 0.602834 0.658135 0.705210 0.658135 0.705210 0.719835 0.602834 0.719835
1 0.038848 0.165905 0.986746 0.165905 0.986746 0.894424 0.038848 0.894424
0 0.231718 0.349634 0.382998 0.349634 0.382998 0.473035 0.231718 0.473035
0 0.561243 0.257770 0.709324 0.257770 0.709324 0.385740 0.561243 0.385740
0 0.371572 0.281536 0.502285 0.281536 0.502285 0.374771 0.371572 0.374771
0 0.239488 0.458410 0.377971 0.458410 0.377971 0.586837 0.239488 0.586837
0 0.351920 0.571298 0.506856 0.571298 0.506856 0.707952 0.351920 0.707952
0 0.404479 0.386654 0.477148 0.386654 0.477148 0.527879 0.404479 0.527879
