5 0.444385 0.549198 0.534759 0.549198 0.534759 0.582353 0.444385 0.582353
1 0.191444 0.180749 0.869519 0.180749 0.869519 0.850802 0.191444 0.850802
5 0.693048 0.456150 0.751337 0.456150 0.751337 0.518182 0.693048 0.518182
5 0.758289 0.501604 0.819786 0.501604 0.819786 0.544920 0.758289 0.544920
5 0.663102 0.629412 0.719786 0.629412 0.719786 0.676471 0.663102 0.676471
5 0.588235 0.617112 0.643316 0.617112 0.643316 0.674866 0.588235 0.674866
5 0.471123 0.382353 0.552941 0.382353 0.552941 0.429412 0.471123 0.429412
5 0.601604 0.349198 0.701604 0.349198 0.701604 0.500535 0.601604 0.500535
5 0.508021 0.405348 0.591444 0.405348 0.591444 0.461497 0.508021 0.461497
5 0.400000 0.439037 0.609626 0.439037 0.609626 0.553476 0.400000 0.553476
5 0.366845 0.506952 0.412299 0.506952 0.412299 0.584492 0.366845 0.584492
5 0.101604 0.164171 0.401604 0.164171 0.401604 0.521390 0.101604 0.521390
