4 0.667880 0.638340 1.000000 0.638340 1.000000 0.715810 0.667880 0.715810
0 0.185168 0.644664 0.290719 0.644664 0.290719 0.707115 0.185168 0.707115
0 0.306187 0.401186 0.381256 0.401186 0.381256 0.482609 0.306187 0.482609
0 0.342129 0.360474 0.449955 0.360474 0.449955 0.427668 0.342129 0.427668
0 0.587807 0.342292 0.662420 0.342292 0.662420 0.394071 0.587807 0.394071
0 0.530937 0.399605 0.617834 0.399605 0.617834 0.460474 0.530937 0.460474
0 0.585532 0.435178 0.703822 0.435178 0.703822 0.539921 0.585532 0.539921
0 0.434486 0.520949 0.574158 0.520949 0.574158 0.637945 0.434486 0.637945
0 0.170155 0.541502 0.402184 0.541502 0.402184 0.643478 0.170155 0.643478
0 0.172884 0.420553 0.328480 0.420553 0.328480 0.536759 0.172884 0.536759
0 0.279345 0.672727 0.558235 0.672727 0.558235 0.759289 0.279345 0.759289
1 0.369882 0.392095 0.741128 0.392095 0.741128 0.720949 0.369882 0.720949
5 0.265241 0.357708 0.349409 0.357708 0.349409 0.422134 0.265241 0.422134
