1 0.333709 0.218715 0.998121 0.218715 0.998121 0.738068 0.333709 0.738068
0 0.326569 0.522360 0.491920 0.522360 0.491920 0.717775 0.326569 0.717775
0 0.422022 0.731680 0.494175 0.731680 0.494175 0.841413 0.422022 0.841413
0 0.262683 0.666291 0.406614 0.666291 0.406614 0.826005 0.262683 0.826005
0 0.489290 0.736941 0.561067 0.736941 0.561067 0.822623 0.489290 0.822623
0 0.122135 0.609921 0.214581 0.609921 0.214581 0.750094 0.122135 0.750094
5 0.274709 0.340098 0.421270 0.340098 0.421270 0.457347 0.274709 0.457347
5 0.209320 0.550545 0.326569 0.550545 0.326569 0.692973 0.209320 0.692973
5 0.142428 0.515971 0.246524 0.515971 0.246524 0.666667 0.142428 0.666667
5 0.151823 0.361142 0.250658 0.361142 0.250658 0.478767 0.151823 0.478767
5 0.225855 0.320180 0.321308 0.320180 0.321308 0.395716 0.225855 0.395716
5 0.180008 0.313040 0.256670 0.313040 0.256670 0.367531 0.180008 0.367531
5 0.257798 0.260428 0.388952 0.260428 0.388952 0.325442 0.257798 0.325442
5 0.544156 0.720406 0.812101 0.720406 0.812101 0.932732 0.544156 0.932732
5 0.247651 0.776024 0.392710 0.776024 0.392710 0.909808 0.247651 0.909808
5 0.465614 0.696731 0.568959 0.696731 0.568959 0.759489 0.465614 0.759489
5 0.000000 0.326569 0.151823 0.326569 0.151823 0.814356 0.000000 0.814356
4 0.539271 0.092822 1.000000 0.092822 1.000000 0.247275 0.539271 0.247275
5 0.245396 0.455844 0.335212 0.455844 0.335212 0.609921 0.245396 0.609921
7 0.000000 0.000000 0.250658 0.000000 0.250658 0.217212 0.000000 0.217212
