0 0.355882 0.628431 0.537255 0.628431 0.537255 0.788235 0.355882 0.788235
6 0.398039 0.209804 0.627451 0.209804 0.627451 0.352941 0.398039 0.352941
0 0.590196 0.532353 0.678431 0.532353 0.678431 0.650980 0.590196 0.650980
0 0.656863 0.629412 0.714706 0.629412 0.714706 0.726471 0.656863 0.726471
0 0.360784 0.560784 0.470588 0.560784 0.470588 0.684314 0.360784 0.684314
0 0.677451 0.530392 0.796078 0.530392 0.796078 0.673529 0.677451 0.673529
0 0.514706 0.646078 0.682353 0.646078 0.682353 0.766667 0.514706 0.766667
0 0.519608 0.443137 0.649020 0.443137 0.649020 0.593137 0.519608 0.593137
5 0.443137 0.446078 0.592157 0.446078 0.592157 0.647059 0.443137 0.647059
1 0.256863 0.451961 0.358824 0.451961 0.358824 0.601961 0.256863 0.601961
0 0.339216 0.387255 0.480392 0.387255 0.480392 0.560784 0.339216 0.560784
0 0.333333 0.317647 0.466667 0.317647 0.466667 0.399020 0.333333 0.399020
0 0.272549 0.331373 0.346078 0.331373 0.346078 0.459706 0.272549 0.459706
0 0.282353 0.530392 0.420588 0.530392 0.420588 0.750000 0.282353 0.750000
