0 0.230392 0.432353 0.445098 0.432353 0.445098 0.582353 0.230392 0.582353
4 0.000000 0.617647 0.227451 0.617647 0.227451 0.853922 0.000000 0.853922
4 0.000000 0.504902 0.295098 0.504902 0.295098 0.591176 0.000000 0.591176
0 0.801961 0.408824 0.881373 0.408824 0.881373 0.615686 0.801961 0.615686
1 0.371569 0.742157 0.583333 0.742157 0.583333 0.889216 0.371569 0.889216
5 0.679412 0.442157 0.824510 0.442157 0.824510 0.655882 0.679412 0.655882
0 0.262745 0.665686 0.357843 0.665686 0.357843 0.773529 0.262745 0.773529
0 0.516667 0.455882 0.727451 0.455882 0.727451 0.640196 0.516667 0.640196
0 0.442157 0.164706 0.627451 0.164706 0.627451 0.272549 0.442157 0.272549
0 0.264706 0.176471 0.470588 0.176471 0.470588 0.501961 0.264706 0.501961
0 0.144118 0.256863 0.273529 0.256863 0.273529 0.438235 0.144118 0.438235
0 0.464706 0.415686 0.570588 0.415686 0.570588 0.579412 0.464706 0.579412
0 0.339216 0.535294 0.509804 0.535294 0.509804 0.732353 0.339216 0.732353
0 0.462745 0.259804 0.577451 0.259804 0.577451 0.417647 0.462745 0.417647
0 0.543137 0.344118 0.851961 0.344118 0.851961 0.476471 0.543137 0.476471
0 0.560784 0.635294 0.799020 0.635294 0.799020 0.823529 0.560784 0.823529
