5 0.489216 0.164706 0.789216 0.164706 0.789216 0.381373 0.489216 0.381373
0 0.622549 0.467647 0.682353 0.467647 0.682353 0.566667 0.622549 0.566667
0 0.443137 0.395098 0.565686 0.395098 0.565686 0.456863 0.443137 0.456863
0 0.261765 0.422549 0.452941 0.422549 0.452941 0.594118 0.261765 0.594118
0 0.257843 0.516667 0.349020 0.516667 0.349020 0.641176 0.257843 0.641176
0 0.351961 0.622549 0.496078 0.622549 0.496078 0.707843 0.351961 0.707843
0 0.517647 0.640196 0.658824 0.640196 0.658824 0.754902 0.517647 0.754902
0 0.634314 0.484314 0.853922 0.484314 0.853922 0.705882 0.634314 0.705882
0 0.501961 0.540196 0.621569 0.540196 0.621569 0.645098 0.501961 0.645098
1 0.293137 0.259804 0.514706 0.259804 0.514706 0.414706 0.293137 0.414706
5 0.661765 0.600000 0.850980 0.600000 0.850980 0.744118 0.661765 0.744118
0 0.344118 0.364706 0.550000 0.364706 0.550000 0.452941 0.344118 0.452941
0 0.349020 0.560784 0.455882 0.560784 0.455882 0.669608 0.349020 0.669608
0 0.786275 0.399020 0.897059 0.399020 0.897059 0.526471 0.786275 0.526471
0 0.714706 0.380392 0.797059 0.380392 0.797059 0.507843 0.714706 0.507843
0 0.497059 0.405882 0.662745 0.405882 0.662745 0.542157 0.497059 0.542157
0 0.491176 0.404902 0.665686 0.404902 0.665686 0.575490 0.491176 0.575490
