1 0.198039 0.117647 0.947059 0.117647 0.947059 0.880392 0.198039 0.880392
5 0.654902 0.497059 0.835294 0.497059 0.835294 0.654902 0.654902 0.654902
5 0.284314 0.321569 0.393137 0.321569 0.393137 0.438235 0.284314 0.438235
5 0.375490 0.294118 0.514706 0.294118 0.514706 0.442157 0.375490 0.442157
5 0.476471 0.341176 0.637255 0.341176 0.637255 0.532353 0.476471 0.532353
5 0.409804 0.624510 0.514706 0.624510 0.514706 0.796078 0.409804 0.796078
5 0.596078 0.629412 0.855882 0.629412 0.855882 0.868627 0.596078 0.868627
5 0.776471 0.650980 0.839216 0.650980 0.839216 0.804902 0.776471 0.804902
5 0.303922 0.599020 0.404902 0.599020 0.404902 0.796078 0.303922 0.796078
5 0.399020 0.165686 0.683333 0.165686 0.683333 0.273529 0.399020 0.273529
0 0.577451 0.291176 0.687255 0.291176 0.687255 0.503922 0.577451 0.503922
0 0.279412 0.456863 0.445098 0.456863 0.445098 0.556863 0.279412 0.556863
4 0.000000 0.348039 0.554902 0.348039 0.554902 1.000000 0.000000 1.000000
