0 0.117647 0.569608 0.249020 0.569608 0.249020 0.699020 0.117647 0.699020
1 0.199020 0.275490 0.893137 0.275490 0.893137 0.836275 0.199020 0.836275
5 0.723529 0.275490 0.836275 0.275490 0.836275 0.362745 0.723529 0.362745
5 0.618627 0.286275 0.825490 0.286275 0.825490 0.407843 0.618627 0.407843
5 0.351961 0.169608 0.509804 0.169608 0.509804 0.282353 0.351961 0.282353
5 0.549020 0.360784 0.614706 0.360784 0.614706 0.475490 0.549020 0.475490
5 0.497059 0.302941 0.581373 0.302941 0.581373 0.363725 0.497059 0.363725
5 0.372549 0.313725 0.536275 0.313725 0.536275 0.425490 0.372549 0.425490
5 0.826471 0.543137 0.909804 0.543137 0.909804 0.717647 0.826471 0.717647
5 0.188235 0.513725 0.246078 0.513725 0.246078 0.570588 0.188235 0.570588
5 0.092157 0.650000 0.228431 0.650000 0.228431 0.791176 0.092157 0.791176
0 0.192157 0.272549 0.378431 0.272549 0.378431 0.450980 0.192157 0.450980
0 0.097059 0.382353 0.223529 0.382353 0.223529 0.567647 0.097059 0.567647
