4 0.000000 0.251768 0.330976 0.251768 0.330976 0.852900 0.000000 0.852900
1 0.287129 0.335219 0.702970 0.335219 0.702970 0.649222 0.287129 0.649222
5 0.584158 0.158416 0.727016 0.158416 0.727016 0.345120 0.584158 0.345120
5 0.859972 0.551627 0.912306 0.551627 0.912306 0.592645 0.859972 0.592645
5 0.684583 0.649222 0.758133 0.649222 0.758133 0.707214 0.684583 0.707214
5 0.311174 0.196605 0.431400 0.196605 0.431400 0.297030 0.311174 0.297030
5 0.635078 0.642150 0.702970 0.642150 0.702970 0.722772 0.635078 0.722772
5 0.821782 0.565771 0.895332 0.565771 0.895332 0.677511 0.821782 0.677511
5 0.758133 0.562942 0.831683 0.562942 0.831683 0.676096 0.758133 0.676096
5 0.664781 0.536068 0.790665 0.536068 0.790665 0.599717 0.664781 0.599717
5 0.649222 0.574257 0.800566 0.574257 0.800566 0.666195 0.649222 0.666195
5 0.653465 0.336634 1.000000 0.336634 1.000000 0.499293 0.653465 0.499293
6 0.350778 0.674682 0.592645 0.674682 0.592645 0.869873 0.350778 0.869873
0 0.149929 0.377652 0.343564 0.377652 0.343564 0.575672 0.149929 0.575672
0 0.544554 0.272984 0.690240 0.272984 0.690240 0.380481 0.544554 0.380481
0 0.516266 0.162659 0.633663 0.162659 0.633663 0.275813 0.516266 0.275813
0 0.390382 0.200849 0.561528 0.200849 0.561528 0.335219 0.390382 0.335219
0 0.309760 0.311174 0.435644 0.311174 0.435644 0.420085 0.309760 0.420085
0 0.202263 0.236209 0.370580 0.236209 0.370580 0.383310 0.202263 0.383310
