0 0.769784 0.658273 0.922662 0.658273 0.922662 0.821942 0.769784 0.821942
6 0.336331 0.467626 0.602518 0.467626 0.602518 0.669065 0.336331 0.669065
5 0.710432 0.852518 0.832734 0.852518 0.832734 0.985612 0.710432 0.985612
5 0.267986 0.253597 0.352518 0.253597 0.352518 0.442446 0.267986 0.442446
5 0.208633 0.318345 0.253597 0.318345 0.253597 0.487410 0.208633 0.487410
5 0.156475 0.505396 0.293165 0.505396 0.293165 0.613309 0.156475 0.613309
5 0.460432 0.523381 0.701439 0.523381 0.701439 0.739209 0.460432 0.739209
0 0.672662 0.386691 0.773381 0.386691 0.773381 0.647482 0.672662 0.647482
0 0.368705 0.397482 0.535971 0.397482 0.535971 0.494604 0.368705 0.494604
0 0.289568 0.363309 0.388489 0.363309 0.388489 0.469424 0.289568 0.469424
0 0.330935 0.258993 0.483813 0.258993 0.483813 0.386691 0.330935 0.386691
0 0.476619 0.262590 0.669065 0.262590 0.669065 0.424460 0.476619 0.424460
0 0.273381 0.455036 0.444245 0.455036 0.444245 0.730216 0.273381 0.730216
0 0.134892 0.613309 0.280576 0.613309 0.280576 0.847122 0.134892 0.847122
0 0.683453 0.260791 0.888489 0.260791 0.888489 0.440647 0.683453 0.440647
0 0.802158 0.431655 0.967626 0.431655 0.967626 0.654676 0.802158 0.654676
0 0.428058 0.746403 0.717626 0.746403 0.717626 0.928058 0.428058 0.928058
0 0.266187 0.789568 0.485612 0.789568 0.485612 0.996403 0.266187 0.996403
