5 0.496078 0.433333 0.639216 0.433333 0.639216 0.637255 0.496078 0.637255
5 0.595098 0.313725 0.728431 0.313725 0.728431 0.498039 0.595098 0.498039
5 0.711765 0.253922 0.974510 0.253922 0.974510 0.448039 0.711765 0.448039
8 0.198039 0.000000 0.589216 0.000000 0.589216 0.249020 0.198039 0.249020
5 0.325490 0.312745 0.522549 0.312745 0.522549 0.453922 0.325490 0.453922
5 0.617647 0.485294 0.798039 0.485294 0.798039 0.631373 0.617647 0.631373
0 0.345098 0.501961 0.456863 0.501961 0.456863 0.587255 0.345098 0.587255
0 0.267647 0.487255 0.389216 0.487255 0.389216 0.572549 0.267647 0.572549
0 0.410784 0.583333 0.587255 0.583333 0.587255 0.736275 0.410784 0.736275
0 0.259804 0.583333 0.456863 0.583333 0.456863 0.760784 0.259804 0.760784
0 0.771569 0.497059 0.992157 0.497059 0.992157 0.697059 0.771569 0.697059
0 0.636275 0.634314 0.874510 0.634314 0.874510 0.862745 0.636275 0.862745
0 0.000000 0.531373 0.083333 0.531373 0.083333 0.633333 0.000000 0.633333
0 0.110784 0.403922 0.244118 0.403922 0.244118 0.549020 0.110784 0.549020
0 0.028431 0.260784 0.274510 0.260784 0.274510 0.384314 0.028431 0.384314
0 0.136275 0.338235 0.374510 0.338235 0.374510 0.481373 0.136275 0.481373
0 0.430392 0.257843 0.646078 0.257843 0.646078 0.420588 0.430392 0.420588
0 0.692157 0.356863 0.864706 0.356863 0.864706 0.514706 0.692157 0.514706
0 0.279412 0.222549 0.429412 0.222549 0.429412 0.331373 0.279412 0.331373
