1 0.349789 0.400211 0.935065 0.400211 0.935065 0.997484 0.349789 0.997484
0 0.389610 0.688312 0.512987 0.688312 0.512987 0.855032 0.389610 0.855032
0 0.323052 0.504870 0.454545 0.504870 0.454545 0.702922 0.323052 0.702922
5 0.022727 0.433442 0.404221 0.433442 0.404221 1.000000 0.022727 1.000000
0 0.512987 0.634740 0.613636 0.634740 0.613636 0.884740 0.512987 0.884740
0 0.176948 0.318182 0.370130 0.318182 0.370130 0.443182 0.176948 0.443182
0 0.357143 0.353896 0.485390 0.353896 0.485390 0.519481 0.357143 0.519481
0 0.633117 0.323052 0.780844 0.323052 0.780844 0.467532 0.633117 0.467532
0 0.483766 0.271104 0.650974 0.271104 0.650974 0.410714 0.483766 0.410714
0 0.413961 0.543831 0.534091 0.543831 0.534091 0.675325 0.413961 0.675325
0 0.644481 0.605519 0.720779 0.605519 0.720779 0.823052 0.644481 0.823052
0 0.590909 0.534091 0.665584 0.534091 0.665584 0.790584 0.590909 0.790584
0 0.461039 0.534091 0.603896 0.534091 0.603896 0.709416 0.461039 0.709416
