5 0.332877 0.301753 0.653998 0.301753 0.653998 0.556181 0.332877 0.556181
0 0.481481 0.574405 0.809524 0.574405 0.809524 0.827712 0.481481 0.827712
0 0.201720 0.201389 0.468254 0.201389 0.468254 0.449074 0.201720 0.449074
0 0.343585 0.461310 0.740079 0.461310 0.740079 0.791336 0.343585 0.791336
0 0.522156 0.155423 0.811177 0.155423 0.811177 0.357804 0.522156 0.357804
0 0.691468 0.362434 0.883267 0.362434 0.883267 0.597222 0.691468 0.597222
0 0.640873 0.408730 0.805225 0.408730 0.805225 0.608135 0.640873 0.608135
8 0.109458 0.352513 0.331019 0.352513 0.331019 0.808201 0.109458 0.808201
8 0.122024 0.363757 0.219246 0.363757 0.219246 0.653439 0.122024 0.653439
8 0.233466 0.778108 0.667989 0.778108 0.667989 0.986442 0.233466 0.986442
5 0.423280 0.452381 0.529431 0.452381 0.529431 0.542328 0.423280 0.542328
