0 0.619333 0.110667 0.611333 0.121333 0.604000 0.138667 0.604667 0.150667 0.610667 0.164000 0.623333 0.174000 0.642667 0.195333 0.649333 0.199333 0.661333 0.202667 0.668000 0.202667 0.685333 0.196667 0.700000 0.181333 0.703333 0.169333 0.703333 0.138000 0.694000 0.122667 0.689333 0.118000 0.676000 0.111333 0.667333 0.109333 0.657333 0.110000 0.643333 0.105333 0.634000 0.104667 0.627333 0.106000
0 0.377333 0.382667 0.368000 0.386000 0.361333 0.391333 0.357333 0.400000 0.356000 0.408667 0.359333 0.420000 0.364667 0.426000 0.373333 0.430667 0.382667 0.431333 0.389333 0.429333 0.399333 0.420000 0.402667 0.410000 0.402000 0.400667 0.398000 0.392000 0.388667 0.384667
0 0.384000 0.462000 0.381333 0.469333 0.384000 0.485333 0.394000 0.506667 0.408000 0.520000 0.423333 0.527333 0.438000 0.528667 0.452000 0.523333 0.458000 0.517333 0.461333 0.510000 0.463333 0.497333 0.468667 0.480667 0.468000 0.472667 0.465333 0.468000 0.450000 0.460667 0.431333 0.460000 0.412667 0.456667 0.400000 0.457333
0 0.354667 0.548000 0.336667 0.570667 0.328000 0.586667 0.326667 0.592667 0.320667 0.604000 0.322000 0.617333 0.330667 0.627333 0.337333 0.630667 0.346667 0.632667 0.366000 0.632667 0.388000 0.628667 0.397333 0.625333 0.403333 0.620000 0.405333 0.616000 0.406000 0.607333 0.404000 0.599333 0.398667 0.589333 0.390667 0.560667 0.382000 0.550667 0.376000 0.547333 0.360000 0.546000
0 0.384000 0.630667 0.376000 0.632667 0.366000 0.642000 0.364000 0.646667 0.364000 0.656000 0.367333 0.664667 0.372000 0.670667 0.381333 0.675333 0.390000 0.676000 0.400667 0.671333 0.405333 0.666000 0.410000 0.656000 0.410000 0.648667 0.406667 0.640000 0.401333 0.634000 0.393333 0.630667
0 0.436000 0.641333 0.429333 0.646000 0.423333 0.654667 0.423333 0.672000 0.428667 0.679333 0.439333 0.686000 0.449333 0.686000 0.459333 0.682667 0.464667 0.678000 0.467333 0.672667 0.468000 0.658667 0.466667 0.654667 0.458000 0.644667 0.451333 0.640667 0.441333 0.640000
0 0.394667 0.532000 0.391333 0.534667 0.387333 0.544000 0.388000 0.553333 0.390667 0.560667 0.396000 0.565333 0.402667 0.568000 0.410667 0.568000 0.420000 0.563333 0.422667 0.560667 0.426000 0.550667 0.425333 0.541333 0.420667 0.534000 0.412000 0.530667 0.399333 0.530667
0 0.635333 0.311333 0.618667 0.315333 0.594000 0.328667 0.578000 0.345333 0.574000 0.357333 0.574000 0.366000 0.578667 0.385333 0.583333 0.390667 0.598000 0.400000 0.612000 0.402667 0.629333 0.410667 0.634000 0.410000 0.638000 0.407333 0.638000 0.403333 0.632667 0.395333 0.631333 0.388667 0.635333 0.377333 0.647333 0.369333 0.666667 0.369333 0.672000 0.363333 0.676000 0.350667 0.676000 0.341333 0.672000 0.333333 0.666667 0.327333 0.646667 0.314000
0 0.650000 0.369333 0.642000 0.372667 0.635333 0.378667 0.632667 0.384000 0.634000 0.397333 0.641333 0.407333 0.650000 0.410000 0.657333 0.409333 0.666667 0.405333 0.672000 0.400000 0.675333 0.393333 0.675333 0.385333 0.671333 0.376667 0.660667 0.370667
0 0.642000 0.260000 0.640000 0.278667 0.645333 0.286000 0.659333 0.290667 0.668000 0.290667 0.682667 0.283333 0.686000 0.275333 0.684000 0.268000 0.679333 0.262667 0.678667 0.258667 0.670000 0.252000 0.653333 0.251333 0.648000 0.254000
0 0.724000 0.198667 0.716000 0.196000 0.694000 0.196000 0.665333 0.206000 0.658000 0.211333 0.654667 0.216000 0.653333 0.230667 0.657333 0.248000 0.658667 0.249333 0.670667 0.251333 0.678000 0.256000 0.688667 0.276000 0.693333 0.274667 0.709333 0.260000 0.715333 0.251333 0.720667 0.237333 0.736667 0.225333 0.734667 0.206667 0.733333 0.204000
0 0.790000 0.168000 0.774000 0.174667 0.751333 0.188667 0.742667 0.196667 0.737333 0.208000 0.736667 0.216667 0.742000 0.226667 0.760667 0.236000 0.782667 0.252000 0.793333 0.256667 0.806000 0.256667 0.818000 0.251333 0.820667 0.246000 0.819333 0.188667 0.811333 0.173333 0.801333 0.168000
0 0.737333 0.229333 0.728000 0.232667 0.720667 0.239333 0.718667 0.244667 0.718000 0.256000 0.720000 0.260667 0.727333 0.268000 0.736000 0.272000 0.742000 0.272000 0.753333 0.266667 0.757333 0.262667 0.761333 0.254000 0.760667 0.243333 0.754667 0.235333 0.746000 0.230000
0 0.740000 0.282000 0.737333 0.276000 0.733333 0.273333 0.722667 0.270000 0.712000 0.270000 0.698000 0.274667 0.692667 0.279333 0.686000 0.281333 0.678000 0.288000 0.668667 0.291333 0.646000 0.290000 0.634667 0.296000 0.633333 0.302000 0.640667 0.310667 0.650667 0.314000 0.662000 0.320667 0.680000 0.338667 0.687333 0.341333 0.698000 0.341333 0.708000 0.338667 0.720000 0.331333 0.734000 0.316000 0.740000 0.298667
0 0.766667 0.247333 0.764000 0.250000 0.757333 0.264000 0.748000 0.271333 0.744000 0.272000 0.740667 0.274667 0.742667 0.288000 0.744667 0.291333 0.754667 0.287333 0.764000 0.287333 0.771333 0.290000 0.780667 0.299333 0.784667 0.312000 0.788000 0.314667 0.802667 0.304667 0.811333 0.295333 0.814000 0.288000 0.812000 0.272000 0.805333 0.259333 0.791333 0.257333 0.774000 0.248667
0 0.754667 0.288667 0.751333 0.290000 0.743333 0.298667 0.740000 0.307333 0.738667 0.317333 0.743333 0.327333 0.752667 0.335333 0.766000 0.337333 0.773333 0.334000 0.780000 0.327333 0.782000 0.323333 0.783333 0.316667 0.782000 0.304667 0.778000 0.296667 0.771333 0.290667 0.762000 0.288000
0 0.790667 0.352000 0.770667 0.343333 0.764000 0.342000 0.751333 0.342667 0.732667 0.348000 0.721333 0.355333 0.712000 0.364667 0.702667 0.383333 0.703333 0.406667 0.707333 0.420000 0.712000 0.428667 0.724000 0.443333 0.729333 0.442667 0.751333 0.410667 0.757333 0.405333 0.766000 0.391333 0.772000 0.386000 0.791333 0.361333 0.793333 0.356000
0 0.796000 0.383333 0.790667 0.384667 0.782667 0.389333 0.774667 0.396667 0.776667 0.404667 0.774667 0.413333 0.777333 0.415333 0.774667 0.420667 0.780667 0.424667 0.780667 0.428667 0.778667 0.434000 0.773333 0.438000 0.771333 0.438000 0.770667 0.440000 0.783333 0.452000 0.796667 0.455333 0.806000 0.455333 0.818667 0.451333 0.825333 0.444000 0.828000 0.436000 0.827333 0.415333 0.823333 0.404667 0.816667 0.393333 0.806000 0.384000
0 0.846000 0.373333 0.836000 0.377333 0.828667 0.383333 0.824667 0.398667 0.830667 0.415333 0.835333 0.420667 0.844000 0.424667 0.853333 0.424667 0.862000 0.420667 0.868000 0.413333 0.872000 0.404000 0.872000 0.392000 0.868667 0.384000 0.860667 0.376000 0.855333 0.374000
0 0.916000 0.343333 0.884667 0.341333 0.861333 0.346000 0.852667 0.350667 0.847333 0.356667 0.844667 0.363333 0.844667 0.370667 0.857333 0.374000 0.867333 0.381333 0.872667 0.389333 0.872667 0.408667 0.862667 0.422667 0.862667 0.424667 0.868667 0.430000 0.876000 0.433333 0.889333 0.434667 0.908667 0.426667 0.920667 0.413333 0.922667 0.408000 0.926667 0.404667 0.931333 0.397333 0.935333 0.381333 0.934667 0.361333 0.927333 0.348667
0 0.868000 0.435333 0.857333 0.439333 0.852667 0.444000 0.848667 0.454000 0.848000 0.462667 0.849333 0.468667 0.853333 0.475333 0.857333 0.478667 0.865333 0.481333 0.873333 0.481333 0.883333 0.478000 0.890000 0.474000 0.894000 0.463333 0.894667 0.454667 0.890667 0.442000 0.886667 0.437333
0 0.708667 0.672667 0.704667 0.677333 0.703333 0.686000 0.706667 0.692667 0.710000 0.695333 0.711333 0.705333 0.718667 0.718667 0.728667 0.725333 0.738000 0.725333 0.748000 0.720667 0.752000 0.716667 0.756667 0.707333 0.756000 0.698000 0.750667 0.688000 0.740000 0.682000 0.731333 0.679333 0.724667 0.679333 0.718667 0.673333
3 0.590667 0.158667 0.577333 0.156667 0.552667 0.156000 0.514667 0.158000 0.501333 0.162000 0.486000 0.169333 0.482667 0.173333 0.470000 0.180667 0.465333 0.186000 0.462000 0.187333 0.454000 0.195333 0.450667 0.202667 0.444667 0.210667 0.442667 0.216667 0.432000 0.235333 0.429333 0.243333 0.427333 0.258000 0.428000 0.265333 0.434667 0.290667 0.436000 0.307333 0.439333 0.318000 0.454667 0.340000 0.474000 0.357333 0.486000 0.363333 0.532000 0.378000 0.554667 0.379333 0.568667 0.377333 0.572667 0.373333 0.571333 0.364000 0.572667 0.354000 0.582000 0.338667 0.596667 0.324667 0.608667 0.318667 0.612667 0.314000 0.623333 0.310000 0.626667 0.298000 0.632667 0.292000 0.636667 0.284000 0.640667 0.259333 0.652667 0.248667 0.648667 0.212667 0.640000 0.194667 0.628667 0.181333 0.616667 0.171333
3 0.571333 0.391333 0.548000 0.400000 0.544000 0.404000 0.540667 0.404667 0.530000 0.412667 0.524000 0.415333 0.506667 0.428667 0.500667 0.431333 0.484667 0.447333 0.482000 0.457333 0.478000 0.463333 0.474667 0.478667 0.475333 0.497333 0.472000 0.511333 0.471333 0.532000 0.474667 0.550000 0.485333 0.582000 0.490000 0.591333 0.501333 0.606000 0.550000 0.622000 0.567333 0.624667 0.578000 0.628000 0.584667 0.628000 0.602000 0.624000 0.617333 0.616000 0.634667 0.601333 0.652000 0.592000 0.663333 0.580667 0.672000 0.568667 0.686667 0.537333 0.690667 0.524000 0.690667 0.511333 0.688000 0.496000 0.683333 0.484667 0.662667 0.444667 0.620667 0.408667 0.612667 0.405333 0.600000 0.404000 0.580667 0.392000
3 0.750667 0.470667 0.722000 0.479333 0.709333 0.485333 0.694000 0.495333 0.692000 0.500000 0.693333 0.526667 0.678000 0.563333 0.672667 0.569333 0.669333 0.577333 0.660667 0.589333 0.659333 0.596667 0.660000 0.606667 0.665333 0.620667 0.676000 0.634000 0.681333 0.644000 0.704667 0.662667 0.719333 0.670667 0.730667 0.674000 0.752000 0.686000 0.766667 0.689333 0.779333 0.690000 0.800667 0.685333 0.830667 0.669333 0.856667 0.653333 0.866000 0.644000 0.878000 0.624000 0.884000 0.606000 0.884667 0.588667 0.881333 0.570667 0.874667 0.561333 0.850000 0.512000 0.842000 0.501333 0.836000 0.498667 0.826000 0.490000 0.814667 0.485333 0.807333 0.479333 0.784000 0.473333 0.776000 0.474000 0.760000 0.470667
3 0.463333 0.622000 0.462667 0.630667 0.465333 0.646000 0.469333 0.658000 0.468667 0.672000 0.467333 0.678000 0.462667 0.680667 0.459333 0.685333 0.444667 0.688667 0.442667 0.694667 0.445333 0.712000 0.450667 0.726667 0.459333 0.740000 0.464667 0.744667 0.468667 0.755333 0.486667 0.772667 0.502000 0.784000 0.527333 0.785333 0.558000 0.789333 0.601333 0.790000 0.610000 0.788667 0.640000 0.774000 0.658667 0.774000 0.678667 0.768667 0.690000 0.757333 0.703333 0.749333 0.710000 0.747333 0.716667 0.743333 0.719333 0.740000 0.720000 0.731333 0.718000 0.720667 0.712667 0.713333 0.710000 0.704667 0.699333 0.685333 0.699333 0.681333 0.703333 0.675333 0.702667 0.667333 0.693333 0.658667 0.688000 0.656667 0.678667 0.648667 0.662000 0.646667 0.632667 0.633333 0.612667 0.627333 0.602000 0.627333 0.580000 0.631333 0.566000 0.626667 0.547333 0.624000 0.536000 0.620000 0.524000 0.618000 0.507333 0.611333 0.499333 0.611333 0.494000 0.613333 0.474667 0.611333 0.469333 0.613333
3 0.809333 0.343333 0.808667 0.346667 0.805333 0.348000 0.804667 0.350000 0.807333 0.351333 0.810000 0.348000 0.812667 0.348667 0.812667 0.350667 0.816000 0.353333 0.813333 0.356000 0.813333 0.358000 0.816667 0.360000 0.816667 0.363333 0.814000 0.364000 0.812000 0.359333 0.808667 0.359333 0.806667 0.363333 0.804667 0.362667 0.804000 0.360000 0.802000 0.360000 0.801333 0.362667 0.804667 0.364667 0.809333 0.371333 0.811333 0.371333 0.812000 0.368000 0.817333 0.364667 0.822667 0.368000 0.824000 0.370000 0.819333 0.374667 0.817333 0.374667 0.812667 0.381333 0.815333 0.382667 0.818000 0.380667 0.819333 0.382667 0.826000 0.384667 0.828667 0.378667 0.828000 0.374667 0.825333 0.373333 0.828000 0.370000 0.826000 0.365333 0.828000 0.364000 0.828000 0.352667 0.826000 0.350000 0.827333 0.346000 0.825333 0.344667 0.822000 0.348000 0.819333 0.344000 0.817333 0.344000 0.814000 0.348000 0.812667 0.344667
5 0.428000 0.270000 0.423333 0.268667 0.416667 0.273333 0.393333 0.283333 0.377333 0.294667 0.349333 0.322667 0.329333 0.337333 0.318000 0.360000 0.314000 0.352000 0.302667 0.348000 0.290000 0.349333 0.282667 0.352667 0.277333 0.361333 0.277333 0.368000 0.283333 0.378000 0.297333 0.386000 0.304000 0.386667 0.310667 0.385333 0.323333 0.397333 0.329333 0.401333 0.337333 0.404000 0.347333 0.404000 0.354000 0.401333 0.360000 0.392000 0.374667 0.380667 0.381333 0.368000 0.390667 0.344000 0.406000 0.320667 0.417333 0.308667 0.429333 0.302667 0.432667 0.299333 0.432667 0.286667
5 0.487333 0.383333 0.482000 0.383333 0.477333 0.385333 0.470667 0.392667 0.464667 0.406000 0.454000 0.418000 0.438667 0.439333 0.434667 0.450667 0.436667 0.457333 0.457333 0.462000 0.465333 0.466667 0.468667 0.470000 0.470000 0.475333 0.471333 0.475333 0.479333 0.457333 0.479333 0.451333 0.471333 0.449333 0.459333 0.443333 0.454667 0.438000 0.454000 0.434000 0.454667 0.431333 0.474000 0.409333 0.483333 0.404667 0.489333 0.398000 0.492000 0.388667 0.490667 0.385333
