4 0.288690 0.127315 0.336062 0.127315 0.336062 0.967923 0.288690 0.967923
0 0.560268 0.273479 0.649802 0.273479 0.649802 0.397817 0.560268 0.397817
0 0.505952 0.622024 0.603671 0.622024 0.603671 0.774802 0.505952 0.774802
5 0.422867 0.211310 0.460069 0.211310 0.460069 0.266865 0.422867 0.266865
5 0.613343 0.494048 0.671131 0.494048 0.671131 0.651786 0.613343 0.651786
5 0.404018 0.317791 0.562748 0.317791 0.562748 0.533069 0.404018 0.533069
6 0.686508 0.051257 0.949901 0.051257 0.949901 0.344577 0.686508 0.344577
0 0.410218 0.282738 0.512153 0.282738 0.512153 0.404431 0.410218 0.404431
0 0.551091 0.374008 0.640129 0.374008 0.640129 0.503638 0.551091 0.503638
0 0.457341 0.466601 0.600446 0.466601 0.600446 0.647817 0.457341 0.647817
4 0.087550 0.390212 0.307788 0.390212 0.307788 0.510251 0.087550 0.510251
4 0.309772 0.125992 0.349206 0.125992 0.349206 0.964286 0.309772 0.964286
4 0.331349 0.127315 0.329613 0.127646 0.327629 0.130291 0.326141 0.135582 0.322421 0.215608 0.320933 0.228836 0.319692 0.259921 0.319444 0.287368 0.317212 0.322421 0.315972 0.366733 0.314732 0.380952 0.314484 0.394841 0.313244 0.410714 0.313244 0.424934 0.311508 0.474868 0.310516 0.485450 0.310516 0.497354 0.309772 0.501984 0.309524 0.521825 0.308036 0.528770 0.308532 0.532407 0.308036 0.552249 0.306796 0.559854 0.306796 0.567460 0.306052 0.574405 0.306300 0.581349 0.302331 0.643519 0.299851 0.715608 0.298363 0.735450 0.298363 0.751323 0.296875 0.775463 0.296379 0.801587 0.295635 0.806548 0.295387 0.818452 0.294891 0.821098 0.293155 0.875000 0.290179 0.915344 0.290179 0.925265 0.288690 0.946429 0.288938 0.957672 0.290179 0.963624 0.293155 0.966601 0.297867 0.967923 0.301835 0.967262 0.303571 0.966270 0.305804 0.963294 0.308284 0.957672 0.309524 0.947090 0.310020 0.924272 0.310764 0.918320 0.311756 0.869709 0.313492 0.832672 0.313244 0.822751 0.313988 0.807870 0.313740 0.788690 0.314980 0.769841 0.314980 0.760251 0.315724 0.752646 0.316964 0.748677 0.317956 0.737103 0.317460 0.731812 0.317956 0.729828 0.318204 0.715939 0.318948 0.708003 0.318452 0.700728 0.318948 0.698413 0.319692 0.676918 0.319444 0.668981 0.321677 0.600860 0.322421 0.554233 0.323661 0.540013 0.323413 0.524471 0.324653 0.507275 0.324157 0.497354 0.324653 0.486772 0.325645 0.482804 0.325893 0.477183 0.325645 0.463624 0.326637 0.447751 0.326637 0.419643 0.327133 0.407738 0.327877 0.404762 0.328621 0.385582 0.329365 0.345899 0.330109 0.343254 0.330357 0.336640 0.329861 0.321098 0.330357 0.313823 0.331101 0.310847 0.331597 0.300265 0.330853 0.295635 0.330853 0.290013 0.332837 0.267196 0.331845 0.263889 0.332093 0.254299 0.333085 0.249008 0.334077 0.212302 0.334573 0.208995 0.336062 0.135251 0.335565 0.131283 0.334573 0.128638
0 0.598958 0.273810 0.594246 0.275132 0.590526 0.277447 0.587798 0.277778 0.584573 0.280093 0.578869 0.282738 0.576141 0.286376 0.570685 0.291005 0.562748 0.306217 0.562004 0.311508 0.560516 0.315476 0.560268 0.319444 0.561508 0.326720 0.562996 0.331349 0.564980 0.345569 0.564484 0.348876 0.564980 0.365410 0.566964 0.371362 0.571677 0.377976 0.575893 0.381944 0.579861 0.381614 0.584325 0.375992 0.590526 0.373347 0.596230 0.374339 0.600942 0.377315 0.602679 0.380291 0.604415 0.386905 0.605903 0.388889 0.604663 0.392526 0.607887 0.394841 0.609375 0.396825 0.612103 0.397817 0.623760 0.393849 0.629216 0.387897 0.632192 0.386243 0.635665 0.381283 0.636905 0.376323 0.637153 0.372685 0.638145 0.371032 0.639137 0.371362 0.641617 0.374339 0.643353 0.374008 0.645337 0.364087 0.646577 0.360450 0.647817 0.353175 0.647817 0.349537 0.649306 0.342593 0.649802 0.331680 0.649306 0.324074 0.647817 0.313492 0.646329 0.306878 0.645089 0.303902 0.643849 0.295304 0.642113 0.291997 0.641121 0.292659 0.639881 0.304233 0.638889 0.305556 0.636905 0.305886 0.635417 0.307540 0.634673 0.306217 0.635665 0.304563 0.635665 0.301587 0.634673 0.298611 0.635913 0.296296 0.636161 0.292659 0.637649 0.291667 0.640377 0.291336 0.638393 0.290344 0.636409 0.290344 0.635913 0.286706 0.633433 0.283399 0.631448 0.282077 0.623512 0.281415 0.619792 0.277778 0.611607 0.274140 0.607391 0.273479
0 0.602431 0.625000 0.599206 0.624008 0.596974 0.622024 0.595734 0.622024 0.593998 0.624669 0.592758 0.625331 0.586310 0.625331 0.579365 0.626984 0.578125 0.629299 0.577381 0.632606 0.576389 0.633929 0.571677 0.636574 0.568700 0.639881 0.566468 0.640542 0.562252 0.644180 0.561508 0.646495 0.559524 0.649471 0.558532 0.653108 0.555556 0.656415 0.553323 0.661376 0.546131 0.672619 0.544891 0.678902 0.539187 0.687169 0.537202 0.692130 0.533482 0.696429 0.529266 0.706019 0.524554 0.711971 0.522817 0.716931 0.517609 0.721561 0.514881 0.727513 0.514137 0.732804 0.511409 0.734458 0.508929 0.738095 0.506944 0.744048 0.505952 0.750661 0.506200 0.755622 0.508681 0.759590 0.517361 0.762235 0.521825 0.762235 0.528026 0.765542 0.532738 0.769511 0.538194 0.772156 0.547371 0.774802 0.552331 0.774802 0.558284 0.771495 0.563740 0.764550 0.568948 0.756283 0.570933 0.750661 0.577381 0.740079 0.585565 0.716601 0.586558 0.711640 0.590526 0.702381 0.593006 0.694444 0.593998 0.688823 0.596478 0.685185 0.601190 0.670635 0.603671 0.655423 0.603423 0.642526 0.600942 0.635251 0.601190 0.632275 0.603175 0.627646 0.603175 0.625992
5 0.456101 0.212632 0.452877 0.211310 0.450645 0.211310 0.446677 0.215608 0.445685 0.218254 0.443204 0.221561 0.441468 0.225198 0.439236 0.227844 0.437252 0.234127 0.435020 0.236111 0.433284 0.240079 0.430804 0.243386 0.429067 0.248677 0.426339 0.251984 0.423363 0.258598 0.422867 0.263889 0.424107 0.266204 0.429067 0.266865 0.435268 0.265873 0.438988 0.263889 0.440476 0.261905 0.443948 0.255291 0.445685 0.249669 0.451637 0.240079 0.453373 0.234788 0.456101 0.232143 0.459573 0.224868 0.460069 0.219577 0.458581 0.215939
5 0.655010 0.494048 0.645833 0.496032 0.642857 0.495701 0.638889 0.498016 0.633929 0.498016 0.631696 0.499008 0.626984 0.499339 0.622768 0.500992 0.618056 0.501323 0.614831 0.502976 0.613343 0.505952 0.613343 0.513889 0.614335 0.518188 0.615823 0.521495 0.617063 0.528770 0.617312 0.541667 0.619048 0.550265 0.619792 0.561839 0.621032 0.570106 0.621032 0.576058 0.622272 0.585648 0.622768 0.611442 0.624752 0.624669 0.626240 0.647156 0.627232 0.650463 0.629960 0.651786 0.631448 0.651455 0.636409 0.643849 0.640377 0.639220 0.644345 0.630291 0.645337 0.626653 0.645585 0.619378 0.647321 0.616402 0.648562 0.611442 0.652530 0.607804 0.655506 0.600860 0.656498 0.595569 0.659722 0.591931 0.661210 0.587963 0.664931 0.581680 0.669643 0.576389 0.671131 0.572421 0.671131 0.568783 0.670387 0.565146 0.667907 0.560516 0.667163 0.556878 0.665427 0.553571 0.662946 0.545304 0.660714 0.540675 0.658482 0.533730 0.658234 0.516865 0.659226 0.514220 0.658482 0.509921 0.659474 0.506283 0.658730 0.501653 0.659226 0.498347 0.657986 0.495701
5 0.552579 0.318452 0.548859 0.317791 0.545387 0.322751 0.541171 0.321098 0.532490 0.320106 0.529762 0.321098 0.524306 0.321429 0.518849 0.324074 0.516121 0.328373 0.515129 0.333995 0.512649 0.337963 0.509673 0.339616 0.506944 0.342262 0.501240 0.343585 0.494792 0.346230 0.492808 0.350860 0.484375 0.360119 0.481895 0.369378 0.470734 0.382606 0.467758 0.390542 0.467014 0.391204 0.453125 0.390542 0.446181 0.391204 0.442212 0.393849 0.438244 0.398148 0.435268 0.404431 0.428571 0.406415 0.424107 0.408730 0.419643 0.414021 0.416171 0.416336 0.414435 0.419643 0.411706 0.422950 0.409722 0.427910 0.407242 0.431548 0.406746 0.436177 0.405506 0.439484 0.404018 0.448413 0.404018 0.455357 0.406250 0.461640 0.410466 0.466931 0.413938 0.469577 0.415427 0.471561 0.415923 0.474537 0.418155 0.477183 0.419891 0.485450 0.419643 0.496032 0.420635 0.502646 0.421627 0.505622 0.421379 0.509921 0.422371 0.514220 0.422371 0.518519 0.420387 0.524471 0.420387 0.527778 0.421627 0.530093 0.423611 0.531415 0.428075 0.531746 0.430556 0.533069 0.434524 0.532077 0.436260 0.530423 0.436260 0.522156 0.435268 0.515873 0.435268 0.507606 0.434524 0.503968 0.434524 0.500661 0.435516 0.498677 0.451885 0.500000 0.454861 0.499008 0.467014 0.498347 0.469990 0.499339 0.480407 0.499669 0.487847 0.500992 0.498016 0.500661 0.500744 0.498677 0.501488 0.493717 0.503224 0.490410 0.503720 0.486111 0.502232 0.482804 0.502480 0.480159 0.503224 0.478836 0.505208 0.478175 0.507688 0.473876 0.507937 0.471561 0.507688 0.469907 0.501984 0.462963 0.500248 0.459325 0.499752 0.455026 0.500744 0.451389 0.500744 0.447090 0.501488 0.445106 0.503224 0.443122 0.502232 0.439153 0.503224 0.437169 0.503472 0.433532 0.505456 0.432540 0.507937 0.427910 0.507192 0.408730 0.509425 0.406415 0.513393 0.406746 0.515377 0.404762 0.514633 0.392526 0.517361 0.390542 0.534722 0.391204 0.537946 0.390873 0.545139 0.388558 0.554315 0.382606 0.555804 0.380622 0.556052 0.377976 0.559524 0.373347 0.562252 0.366071 0.562748 0.338624 0.561012 0.329696 0.558284 0.325397
6 0.704365 0.102844 0.702381 0.106812 0.697917 0.111442 0.691220 0.126323 0.688740 0.134590 0.686508 0.156746 0.686508 0.169312 0.687996 0.185185 0.689980 0.193122 0.695685 0.207011 0.699157 0.213624 0.701389 0.216601 0.705357 0.226521 0.708581 0.232143 0.712798 0.242394 0.718254 0.250992 0.720238 0.256944 0.723710 0.264220 0.724454 0.268519 0.728919 0.277116 0.731647 0.280423 0.735119 0.287037 0.744296 0.299603 0.746776 0.301587 0.750744 0.306548 0.762897 0.315146 0.772569 0.323743 0.781994 0.330026 0.790923 0.334656 0.806796 0.340608 0.821429 0.343915 0.842758 0.344577 0.849702 0.343585 0.865823 0.339286 0.877480 0.334656 0.889385 0.327712 0.896825 0.322421 0.899058 0.319775 0.909474 0.310847 0.922867 0.293981 0.926339 0.287698 0.931052 0.281085 0.939236 0.264550 0.945188 0.248016 0.948413 0.231812 0.949901 0.216270 0.949405 0.188492 0.947421 0.175265 0.943948 0.159061 0.941468 0.153770 0.936508 0.137897 0.930556 0.125661 0.924851 0.117063 0.921131 0.109788 0.913938 0.099206 0.898562 0.082341 0.880704 0.067791 0.873760 0.063492 0.858631 0.056878 0.847222 0.053902 0.836806 0.052249 0.813988 0.051257 0.806548 0.052249 0.797619 0.054233 0.794891 0.055556 0.790179 0.056217 0.783730 0.058862 0.779514 0.061508 0.770337 0.064815 0.762897 0.070106 0.759177 0.071429 0.754712 0.075066 0.743800 0.080357 0.725198 0.090939 0.719494 0.092593 0.713046 0.095569
0 0.511409 0.322751 0.505952 0.317130 0.501736 0.315146 0.499256 0.312831 0.496528 0.312169 0.493800 0.309854 0.485615 0.308862 0.483631 0.305886 0.479167 0.305225 0.477431 0.303241 0.471230 0.299603 0.468998 0.295304 0.466518 0.292328 0.462798 0.290675 0.457837 0.285714 0.451885 0.282738 0.447421 0.282738 0.442212 0.284722 0.437004 0.285714 0.434772 0.287037 0.431796 0.287368 0.428323 0.291997 0.424851 0.298280 0.419147 0.305886 0.419147 0.307540 0.421131 0.309524 0.421131 0.311177 0.420387 0.312500 0.417411 0.313823 0.414683 0.317791 0.415179 0.319775 0.416915 0.320437 0.417907 0.321759 0.417907 0.323743 0.417163 0.324735 0.415179 0.325066 0.411706 0.330026 0.411954 0.334325 0.410962 0.336971 0.410962 0.338624 0.413194 0.341270 0.410466 0.344577 0.410218 0.350198 0.410466 0.354167 0.411706 0.357143 0.411210 0.369048 0.412202 0.376323 0.417907 0.385251 0.423115 0.398810 0.427331 0.403439 0.430308 0.404431 0.432788 0.404101 0.437004 0.400794 0.438492 0.391534 0.442708 0.387235 0.452381 0.386905 0.461062 0.389550 0.464038 0.389220 0.468254 0.387566 0.472222 0.382937 0.473214 0.380622 0.478423 0.373677 0.478919 0.369709 0.480903 0.367063 0.481399 0.365079 0.483135 0.362765 0.484127 0.360119 0.486855 0.357804 0.488095 0.355159 0.490823 0.354167 0.491815 0.350198 0.493800 0.347553 0.494792 0.341931 0.493304 0.341270 0.491815 0.342593 0.490575 0.342593 0.489583 0.341601 0.490327 0.340278 0.492063 0.339286 0.492063 0.337302 0.491071 0.336310 0.488343 0.335648 0.487847 0.334656 0.488095 0.332672 0.489087 0.331680 0.491071 0.331680 0.493800 0.335317 0.495784 0.335979 0.497024 0.338624 0.501240 0.340939 0.506696 0.339616 0.510417 0.335979 0.511905 0.333333 0.512153 0.329034
0 0.587798 0.374008 0.583829 0.377315 0.577877 0.384259 0.577629 0.385582 0.579365 0.390212 0.584821 0.398479 0.587302 0.404101 0.590774 0.406746 0.592262 0.408730 0.593998 0.413360 0.596974 0.417989 0.600446 0.426918 0.601935 0.434193 0.601935 0.437169 0.600694 0.443122 0.599454 0.445437 0.596230 0.447751 0.593502 0.452050 0.587302 0.454365 0.586310 0.455688 0.585069 0.459656 0.581101 0.463624 0.581845 0.464286 0.584821 0.464286 0.586558 0.461640 0.587550 0.461310 0.590278 0.464947 0.592262 0.465939 0.592510 0.467262 0.589534 0.468915 0.588294 0.471561 0.587550 0.471561 0.586062 0.469246 0.581349 0.468254 0.580605 0.465939 0.579613 0.468915 0.578125 0.469907 0.572917 0.469246 0.567460 0.469907 0.564236 0.468915 0.559524 0.469246 0.557044 0.467262 0.555804 0.467262 0.553571 0.469246 0.551339 0.469907 0.551091 0.470899 0.553819 0.472553 0.556052 0.475198 0.559028 0.476521 0.560020 0.477844 0.561260 0.477844 0.563492 0.475860 0.565972 0.475198 0.567708 0.473876 0.568700 0.473876 0.570933 0.475529 0.576885 0.474868 0.577877 0.475860 0.580357 0.476521 0.582093 0.479497 0.583581 0.480159 0.585813 0.479828 0.587054 0.476521 0.588542 0.476521 0.589534 0.477844 0.590030 0.480489 0.593254 0.481151 0.593998 0.482474 0.592758 0.483466 0.591270 0.483466 0.589038 0.481151 0.587302 0.481151 0.584325 0.485450 0.584325 0.486772 0.590278 0.494709 0.593254 0.496362 0.594246 0.497685 0.593750 0.501653 0.594494 0.502976 0.595486 0.503638 0.603423 0.503638 0.608631 0.500992 0.612103 0.500331 0.616319 0.497024 0.619544 0.491402 0.620784 0.486111 0.618800 0.484458 0.614583 0.483466 0.613839 0.482143 0.618552 0.479828 0.621280 0.477513 0.624752 0.472222 0.625744 0.467262 0.627232 0.463294 0.628472 0.453704 0.631696 0.447090 0.634673 0.442791 0.639385 0.432870 0.640129 0.428241 0.639385 0.416336 0.638641 0.415344 0.634425 0.413360 0.630952 0.413360 0.627480 0.412368 0.621528 0.414683 0.617063 0.414683 0.614831 0.413690 0.610367 0.408069 0.609871 0.404762 0.607143 0.397156 0.604415 0.392526 0.603919 0.388558 0.600446 0.378638 0.599206 0.376984 0.595486 0.374669
0 0.582589 0.481812 0.580109 0.479497 0.577629 0.480159 0.576637 0.481481 0.575893 0.481481 0.572669 0.474537 0.567708 0.472553 0.564484 0.472222 0.561260 0.468585 0.557540 0.466931 0.549107 0.466601 0.545139 0.468254 0.540179 0.468915 0.529018 0.475860 0.524306 0.476852 0.521081 0.479167 0.514633 0.481812 0.510169 0.489087 0.508185 0.497354 0.502728 0.500992 0.499008 0.504960 0.489831 0.508267 0.486607 0.511905 0.485119 0.511574 0.483135 0.509590 0.481895 0.509921 0.477183 0.525463 0.474454 0.541005 0.474454 0.544974 0.473214 0.548280 0.471478 0.557209 0.470238 0.559854 0.470486 0.561177 0.472470 0.563823 0.472718 0.565476 0.471726 0.567460 0.470238 0.567791 0.468750 0.566468 0.467510 0.563823 0.466022 0.564153 0.465774 0.567791 0.464038 0.573743 0.460813 0.579034 0.460069 0.583664 0.458085 0.588294 0.457341 0.596892 0.459325 0.601852 0.460565 0.607804 0.460565 0.611111 0.461806 0.614087 0.466270 0.618386 0.467510 0.618386 0.471230 0.616402 0.472718 0.617394 0.474206 0.619709 0.477679 0.621362 0.483879 0.621032 0.485863 0.620040 0.489087 0.621032 0.494048 0.621032 0.505952 0.617063 0.509673 0.613757 0.514633 0.611442 0.517113 0.608466 0.520337 0.608796 0.521329 0.609788 0.523562 0.614749 0.523065 0.619048 0.523810 0.622354 0.523810 0.627646 0.524802 0.631944 0.526042 0.634590 0.532738 0.643849 0.535962 0.646164 0.539683 0.647817 0.542411 0.647817 0.544891 0.646825 0.548859 0.640873 0.551339 0.638889 0.554812 0.629630 0.560764 0.622354 0.567956 0.616071 0.571181 0.611442 0.571925 0.607804 0.575149 0.599868 0.576885 0.597222 0.578869 0.590939 0.587054 0.580688 0.587302 0.576389 0.588046 0.574735 0.592014 0.569444 0.597718 0.564153 0.598214 0.560847 0.600198 0.556548 0.600446 0.547950 0.598710 0.544312 0.599454 0.541667 0.599206 0.538029 0.598214 0.533069 0.596478 0.529762 0.596974 0.527447 0.599454 0.522487 0.599950 0.517196 0.597718 0.513889 0.596726 0.509921 0.595486 0.507937 0.592262 0.507937 0.591022 0.506614 0.588790 0.497354 0.585565 0.490741
4 0.087798 0.407077 0.087550 0.410714 0.088294 0.415675 0.090526 0.419643 0.095734 0.424272 0.103175 0.427579 0.113839 0.428902 0.123512 0.432209 0.136409 0.439153 0.142361 0.443783 0.150298 0.448082 0.154266 0.449405 0.157490 0.452050 0.160466 0.453042 0.172371 0.459987 0.181300 0.464286 0.185764 0.465608 0.188492 0.467593 0.197421 0.471561 0.201885 0.472884 0.205605 0.475198 0.209821 0.476190 0.218006 0.479828 0.220734 0.482143 0.240079 0.490079 0.248016 0.494709 0.251736 0.494378 0.256200 0.496362 0.264881 0.501653 0.272073 0.503968 0.274802 0.506614 0.287450 0.510251 0.290179 0.507606 0.294643 0.507937 0.298363 0.506283 0.303819 0.502646 0.307292 0.498347 0.307788 0.490079 0.306052 0.485780 0.282738 0.476190 0.272321 0.470899 0.264137 0.467923 0.255456 0.462963 0.251984 0.461971 0.247768 0.458333 0.244048 0.456680 0.240823 0.454034 0.237351 0.452712 0.232143 0.448413 0.226438 0.445437 0.217014 0.438492 0.211558 0.436508 0.203125 0.430886 0.199157 0.429233 0.191716 0.423611 0.181052 0.417989 0.177579 0.415344 0.172867 0.413360 0.164435 0.407738 0.159226 0.405754 0.154762 0.402447 0.149306 0.399802 0.125248 0.391865 0.103423 0.390212 0.098462 0.391204 0.094990 0.392857 0.090526 0.399471
4 0.345982 0.125992 0.341518 0.126323 0.339534 0.129299 0.338790 0.132275 0.337798 0.144511 0.337798 0.170304 0.337054 0.172950 0.336806 0.180886 0.337302 0.201058 0.336310 0.204365 0.336310 0.232804 0.335565 0.235780 0.335813 0.240410 0.334821 0.251323 0.335069 0.263889 0.334573 0.266204 0.334573 0.279101 0.333829 0.282738 0.334077 0.295304 0.333581 0.298280 0.333581 0.307870 0.332589 0.314484 0.331597 0.370040 0.329613 0.380291 0.327877 0.408069 0.328125 0.411706 0.327629 0.414021 0.327877 0.420635 0.327133 0.429233 0.327133 0.444775 0.326389 0.460648 0.326637 0.476521 0.324901 0.526124 0.325149 0.536706 0.324405 0.544974 0.324157 0.558201 0.323661 0.559854 0.323909 0.565146 0.322917 0.575066 0.323413 0.579034 0.322917 0.583003 0.323165 0.588624 0.322421 0.590939 0.321677 0.604167 0.322173 0.612434 0.321677 0.614418 0.321925 0.619378 0.321429 0.622024 0.320188 0.678241 0.319196 0.697090 0.319196 0.710648 0.318700 0.713294 0.318700 0.739418 0.316964 0.759259 0.316716 0.781085 0.317212 0.784061 0.315972 0.808532 0.316468 0.814153 0.315972 0.818783 0.315972 0.832011 0.315228 0.840608 0.315972 0.846892 0.314980 0.855820 0.315228 0.862103 0.314484 0.865079 0.314732 0.868717 0.313988 0.871693 0.314236 0.878307 0.313740 0.879960 0.313244 0.893519 0.312500 0.899471 0.312500 0.910053 0.310764 0.930556 0.311012 0.935847 0.309772 0.945767 0.310516 0.959656 0.312252 0.961971 0.317460 0.964286 0.320437 0.964286 0.325645 0.962963 0.326885 0.961971 0.328621 0.958664 0.329613 0.954696 0.331845 0.907407 0.332589 0.871032 0.334821 0.816799 0.335069 0.746032 0.337302 0.697751 0.337302 0.679894 0.338542 0.648479 0.338790 0.626323 0.339286 0.623016 0.339782 0.595569 0.340278 0.592593 0.341518 0.548611 0.342510 0.531085 0.342262 0.509590 0.343254 0.462302 0.343750 0.458003 0.343502 0.447751 0.344246 0.440807 0.344494 0.415675 0.344990 0.413029 0.344990 0.389220 0.344494 0.385913 0.344494 0.376984 0.344990 0.373677 0.344494 0.370040 0.344990 0.362434 0.344494 0.353175 0.344990 0.341270 0.344494 0.336640 0.345486 0.327381 0.345238 0.321098 0.345734 0.315146 0.346974 0.309854 0.347718 0.221230 0.348214 0.217593 0.348214 0.194114 0.349206 0.171958 0.349206 0.137566 0.348214 0.129960 0.347222 0.127315
