5 0.348958 0.539551 0.736328 0.539551 0.736328 0.675781 0.348958 0.675781
5 0.186198 0.353027 0.412760 0.353027 0.412760 0.606934 0.186198 0.606934
5 0.416667 0.276367 0.574870 0.276367 0.574870 0.552246 0.416667 0.552246
5 0.660807 0.546387 0.783854 0.546387 0.783854 0.679688 0.660807 0.679688
5 0.336589 0.616211 0.608073 0.616211 0.608073 0.754883 0.336589 0.754883
5 0.554036 0.365234 0.689453 0.365234 0.689453 0.520996 0.554036 0.520996
5 0.610677 0.323730 0.780599 0.323730 0.780599 0.423340 0.610677 0.423340
5 0.672526 0.438477 0.772786 0.438477 0.772786 0.510742 0.672526 0.510742
7 0.136068 0.270996 0.839844 0.270996 0.839844 0.800293 0.136068 0.800293
5 0.736328 0.547363 0.730469 0.544434 0.709635 0.543945 0.699219 0.541992 0.600260 0.539551 0.584635 0.541992 0.563802 0.541016 0.514974 0.541992 0.501302 0.543945 0.482422 0.549316 0.466797 0.551270 0.445964 0.551758 0.423828 0.554688 0.418620 0.558594 0.397135 0.566406 0.393229 0.566895 0.388021 0.569824 0.384115 0.569824 0.381510 0.571289 0.376302 0.571777 0.372396 0.574219 0.361328 0.576172 0.356771 0.579590 0.354167 0.580078 0.351562 0.583008 0.348958 0.593262 0.349609 0.608887 0.352214 0.627441 0.355469 0.636719 0.359375 0.666016 0.363281 0.674316 0.368490 0.675781 0.380208 0.674805 0.386068 0.671875 0.395182 0.669922 0.416667 0.662598 0.435547 0.658691 0.439453 0.656738 0.458984 0.654785 0.495443 0.645508 0.507161 0.643555 0.510417 0.641113 0.523438 0.640625 0.535807 0.638672 0.550781 0.632812 0.565104 0.625000 0.585286 0.619141 0.595703 0.614746 0.600260 0.614258 0.621745 0.605957 0.627604 0.605469 0.659505 0.592773 0.722005 0.561035 0.733073 0.553223 0.736328 0.549316
5 0.338542 0.353027 0.334635 0.354004 0.322917 0.354004 0.318359 0.356934 0.314453 0.357910 0.291016 0.375488 0.273438 0.394043 0.270833 0.399414 0.262370 0.406250 0.246745 0.416016 0.227214 0.421875 0.212240 0.429688 0.202474 0.440430 0.197917 0.450195 0.197917 0.455078 0.195312 0.459473 0.191406 0.479004 0.186849 0.532227 0.186198 0.575684 0.188151 0.591797 0.193359 0.599121 0.203776 0.604980 0.219401 0.606934 0.248698 0.606934 0.263672 0.604004 0.278646 0.603027 0.288411 0.600586 0.315755 0.588867 0.326172 0.586914 0.347005 0.574707 0.357422 0.571289 0.365885 0.565430 0.377604 0.550781 0.382812 0.547363 0.388672 0.541016 0.391276 0.532227 0.395182 0.525391 0.399089 0.521484 0.403646 0.512207 0.404948 0.501465 0.409505 0.486328 0.412760 0.460449 0.410807 0.423828 0.405599 0.412109 0.399089 0.404297 0.389974 0.387695 0.376953 0.377930 0.365885 0.364746 0.360677 0.360352
5 0.491536 0.277832 0.485026 0.277832 0.481120 0.279785 0.473307 0.276367 0.468750 0.276855 0.465495 0.278809 0.462891 0.290527 0.458984 0.291016 0.455078 0.293945 0.451823 0.292480 0.450521 0.292969 0.449219 0.311035 0.445312 0.314453 0.449219 0.322266 0.450521 0.331543 0.455078 0.333496 0.457031 0.336914 0.455078 0.341309 0.455729 0.345703 0.450521 0.351562 0.442057 0.373535 0.438802 0.376953 0.434896 0.376953 0.432943 0.394043 0.430990 0.399902 0.428385 0.402832 0.419922 0.437500 0.416667 0.488281 0.417969 0.494629 0.417318 0.503906 0.420573 0.543457 0.423828 0.550293 0.427083 0.552246 0.466797 0.549316 0.473307 0.547363 0.492188 0.545410 0.510417 0.540039 0.517578 0.536621 0.531901 0.518066 0.544271 0.494629 0.548177 0.482422 0.553385 0.472656 0.555339 0.464355 0.561198 0.455078 0.562500 0.447754 0.565104 0.443848 0.570312 0.426758 0.574870 0.390137 0.574219 0.375977 0.570964 0.366211 0.561198 0.351562 0.556641 0.348633 0.541667 0.333496 0.529948 0.313477 0.524089 0.310059 0.516276 0.302734 0.514323 0.298828 0.505859 0.291504 0.498047 0.287109 0.494792 0.287598 0.492188 0.285645 0.490885 0.282715 0.493490 0.279297
5 0.763021 0.547363 0.751953 0.547852 0.747396 0.546387 0.742839 0.547852 0.733073 0.555664 0.727865 0.557617 0.715495 0.565918 0.704427 0.570801 0.694010 0.578125 0.689453 0.579590 0.684245 0.585449 0.677734 0.587402 0.671875 0.591797 0.673828 0.595703 0.671875 0.597656 0.672526 0.606934 0.671224 0.616211 0.669271 0.618652 0.669922 0.622559 0.667969 0.627441 0.664714 0.629395 0.664714 0.632324 0.667318 0.632812 0.668620 0.634766 0.667318 0.637695 0.661458 0.640625 0.660807 0.644531 0.666667 0.654785 0.680990 0.670410 0.690104 0.677734 0.696615 0.679688 0.706380 0.679688 0.714193 0.678223 0.732422 0.666016 0.740234 0.656738 0.743490 0.648926 0.747396 0.647461 0.752604 0.642090 0.753255 0.637207 0.751302 0.634766 0.755208 0.632812 0.755208 0.629395 0.751302 0.627441 0.751302 0.625977 0.753906 0.624023 0.751953 0.619141 0.754557 0.615723 0.754557 0.613770 0.751302 0.611816 0.751953 0.606934 0.750651 0.604004 0.754557 0.599609 0.754557 0.597656 0.751953 0.596191 0.755859 0.596191 0.759766 0.593750 0.763021 0.595215 0.768229 0.594238 0.768880 0.596191 0.766276 0.597168 0.765625 0.600586 0.766927 0.602539 0.770182 0.602539 0.772135 0.598633 0.774089 0.600586 0.776693 0.600098 0.776042 0.598633 0.772786 0.598145 0.773438 0.594238 0.776693 0.593750 0.778646 0.595215 0.780599 0.601074 0.782552 0.602051 0.783854 0.600586 0.783854 0.580078 0.779297 0.574219 0.770182 0.571777 0.767578 0.569336 0.764974 0.564453 0.765625 0.551758
5 0.605469 0.618164 0.604167 0.616699 0.595052 0.616211 0.591797 0.617676 0.587240 0.617676 0.581380 0.620117 0.573568 0.620605 0.567708 0.625977 0.564453 0.625488 0.559896 0.632324 0.555990 0.632812 0.549479 0.637207 0.546875 0.635742 0.541016 0.636230 0.536458 0.640137 0.522135 0.643066 0.516927 0.642090 0.505859 0.647461 0.500651 0.646973 0.486979 0.648926 0.481771 0.651367 0.478516 0.650879 0.474609 0.654297 0.462891 0.654297 0.442708 0.656738 0.416667 0.663574 0.410807 0.666504 0.405599 0.666992 0.396484 0.670898 0.389974 0.672363 0.380859 0.679199 0.373047 0.682129 0.371094 0.685059 0.365885 0.687988 0.363932 0.690918 0.349609 0.702148 0.347656 0.706055 0.342448 0.710449 0.336589 0.719727 0.336589 0.733887 0.337891 0.737793 0.345703 0.744629 0.349609 0.745605 0.354818 0.749023 0.381510 0.751953 0.391276 0.754883 0.395833 0.753906 0.401693 0.754395 0.411458 0.752441 0.440104 0.753906 0.449870 0.751465 0.479167 0.751465 0.492188 0.749512 0.508464 0.742676 0.514323 0.737793 0.518229 0.737793 0.522135 0.734863 0.526042 0.733887 0.527995 0.731934 0.539062 0.727051 0.544271 0.720703 0.548828 0.718750 0.553385 0.713379 0.566406 0.709961 0.572917 0.704590 0.576172 0.697754 0.593099 0.686523 0.602214 0.669922 0.605469 0.659180 0.602865 0.648926 0.608073 0.628418
5 0.666016 0.373047 0.661458 0.372559 0.658854 0.371094 0.654297 0.371582 0.650391 0.369141 0.646484 0.370117 0.643229 0.366699 0.641276 0.366699 0.638672 0.369141 0.635417 0.366699 0.633464 0.366699 0.630859 0.369629 0.628906 0.366211 0.626302 0.365234 0.623047 0.366699 0.619141 0.366699 0.615234 0.369141 0.611328 0.368652 0.606771 0.371582 0.595703 0.373535 0.587240 0.377441 0.585286 0.387695 0.585286 0.403320 0.583333 0.404297 0.581380 0.401855 0.578776 0.401855 0.576172 0.404297 0.575521 0.416504 0.567708 0.438965 0.567708 0.442871 0.563802 0.448730 0.560547 0.458984 0.555990 0.464355 0.554036 0.474121 0.554688 0.482422 0.561198 0.488770 0.563151 0.494141 0.569661 0.503418 0.571615 0.515137 0.579427 0.520996 0.604818 0.520996 0.634766 0.514160 0.666016 0.502930 0.673177 0.501953 0.689453 0.493652 0.686849 0.483887 0.682943 0.477539 0.679036 0.474121 0.679688 0.470703 0.677734 0.467285 0.678385 0.461914 0.675781 0.458984 0.677083 0.454102 0.673177 0.451172 0.673177 0.447266 0.671224 0.443848 0.671875 0.438965 0.669922 0.437500 0.659505 0.435547 0.657552 0.432129 0.658203 0.423340 0.662109 0.421387 0.668620 0.421387 0.667969 0.418945 0.662760 0.418457 0.658854 0.416016 0.660156 0.401855 0.662760 0.399902 0.666016 0.399414 0.667969 0.396973 0.666016 0.383789 0.668620 0.375488
5 0.611979 0.337891 0.610677 0.343750 0.612630 0.347656 0.622396 0.354004 0.625651 0.358398 0.630859 0.360840 0.635417 0.361328 0.634766 0.365723 0.636068 0.370117 0.634766 0.373535 0.638672 0.385742 0.642578 0.376953 0.644531 0.379395 0.648438 0.379883 0.651693 0.383789 0.649740 0.389160 0.645182 0.389160 0.642578 0.391602 0.640625 0.389648 0.638021 0.389648 0.636719 0.391602 0.638021 0.408203 0.639323 0.408203 0.641927 0.404785 0.645833 0.407227 0.649740 0.407715 0.652344 0.413086 0.656901 0.416992 0.677083 0.420410 0.685547 0.419434 0.701823 0.420410 0.715495 0.423340 0.720052 0.422363 0.733073 0.423340 0.735677 0.421875 0.748047 0.421875 0.751302 0.418457 0.757812 0.415039 0.759766 0.411133 0.764323 0.408203 0.766276 0.398438 0.768229 0.395508 0.775391 0.392090 0.777344 0.393555 0.780599 0.393066 0.777344 0.387695 0.770182 0.381836 0.765625 0.374512 0.758464 0.370117 0.753255 0.364258 0.751302 0.363770 0.748047 0.365723 0.743490 0.365723 0.741536 0.364258 0.740885 0.360352 0.738281 0.356934 0.735026 0.356445 0.731771 0.357422 0.727865 0.356445 0.725260 0.352051 0.723307 0.352539 0.721354 0.355469 0.718750 0.354492 0.718750 0.352051 0.721354 0.349121 0.718750 0.347168 0.716797 0.341797 0.712240 0.340820 0.709635 0.338379 0.705078 0.338867 0.702474 0.336914 0.696615 0.337891 0.682943 0.335449 0.671224 0.330566 0.666016 0.330566 0.651042 0.326660 0.646484 0.324219 0.627604 0.323730 0.622396 0.325195
5 0.672526 0.441895 0.673828 0.482910 0.679688 0.486328 0.680990 0.490723 0.684896 0.494629 0.701172 0.495117 0.709635 0.496582 0.712240 0.498535 0.723307 0.501465 0.727865 0.504883 0.735677 0.506836 0.740234 0.506348 0.751953 0.509277 0.756510 0.508789 0.759766 0.510254 0.766276 0.510742 0.770833 0.509277 0.770833 0.506348 0.772786 0.504395 0.772786 0.500488 0.770833 0.498535 0.771484 0.494141 0.768229 0.493164 0.767578 0.488770 0.764323 0.492188 0.761068 0.490723 0.760417 0.488281 0.765625 0.487793 0.766276 0.486328 0.763021 0.482910 0.761719 0.478516 0.756510 0.473633 0.754557 0.464355 0.750651 0.457520 0.746745 0.454102 0.736328 0.450195 0.732422 0.446777 0.720703 0.443848 0.716146 0.443848 0.710286 0.438965 0.703125 0.440430 0.694661 0.438477 0.690104 0.439941 0.686198 0.438477 0.681641 0.438477
7 0.472656 0.270996 0.467448 0.272461 0.454427 0.272461 0.450521 0.273926 0.447266 0.273438 0.444010 0.274414 0.439453 0.273438 0.435547 0.274902 0.430339 0.274902 0.427734 0.276367 0.423177 0.275391 0.419271 0.277344 0.392578 0.279785 0.388021 0.281738 0.376302 0.283203 0.369792 0.286621 0.360026 0.288574 0.356771 0.291016 0.346354 0.292969 0.333333 0.297852 0.329427 0.297852 0.322266 0.301758 0.313802 0.304199 0.309896 0.307617 0.294922 0.313477 0.291016 0.313965 0.284505 0.317383 0.278646 0.322754 0.262370 0.330078 0.255859 0.334961 0.252604 0.335938 0.231120 0.352539 0.228516 0.353027 0.188802 0.391602 0.173828 0.410645 0.164714 0.424316 0.162109 0.431641 0.157552 0.438477 0.141927 0.478516 0.136719 0.502930 0.136068 0.537598 0.137370 0.564453 0.139974 0.572754 0.140625 0.582520 0.145833 0.599121 0.149089 0.604492 0.158854 0.631348 0.178385 0.661133 0.183594 0.666016 0.192057 0.679688 0.197917 0.685059 0.201172 0.689941 0.201172 0.693359 0.203776 0.695312 0.206380 0.700684 0.216146 0.706543 0.216797 0.708496 0.227865 0.717285 0.235026 0.721191 0.238281 0.725098 0.247396 0.728516 0.251953 0.734375 0.260417 0.736328 0.266927 0.742188 0.274740 0.744629 0.279948 0.749023 0.289714 0.753418 0.298177 0.759277 0.319661 0.766602 0.329427 0.772461 0.350260 0.779297 0.370443 0.783203 0.380859 0.788086 0.384115 0.787598 0.391276 0.790039 0.404297 0.791504 0.408203 0.792969 0.441406 0.796875 0.447917 0.796387 0.454427 0.799316 0.462240 0.798340 0.469401 0.798828 0.478516 0.796387 0.482422 0.797363 0.485026 0.799805 0.488932 0.800293 0.509115 0.797363 0.517578 0.798828 0.525391 0.796875 0.533203 0.797363 0.540365 0.795898 0.553385 0.795410 0.555990 0.793945 0.561198 0.794434 0.587891 0.787598 0.592448 0.788086 0.602865 0.782715 0.611328 0.782715 0.619141 0.780273 0.630859 0.779297 0.634766 0.776855 0.638021 0.776855 0.642578 0.772461 0.647135 0.771973 0.651042 0.768555 0.675781 0.762207 0.678385 0.759277 0.684896 0.757812 0.689453 0.751953 0.697266 0.749023 0.702474 0.749023 0.708333 0.743652 0.713542 0.740723 0.716797 0.740234 0.717448 0.737305 0.720703 0.734375 0.731771 0.731934 0.732422 0.728027 0.744792 0.717285 0.748047 0.716797 0.750651 0.709961 0.787109 0.673340 0.789714 0.668457 0.796224 0.663086 0.798177 0.657715 0.803385 0.655273 0.805990 0.648438 0.810547 0.645508 0.812500 0.635254 0.816406 0.630371 0.817057 0.627441 0.820964 0.623535 0.821615 0.618652 0.825521 0.615234 0.828776 0.595703 0.831380 0.592285 0.831380 0.587402 0.833984 0.584473 0.833984 0.579590 0.835938 0.577148 0.835286 0.571777 0.837891 0.560059 0.839844 0.527344 0.837240 0.501953 0.833984 0.493652 0.834635 0.489746 0.828776 0.476074 0.827474 0.467773 0.821615 0.452637 0.805339 0.419922 0.777344 0.382324 0.772135 0.376953 0.765625 0.373535 0.763672 0.369141 0.749349 0.357910 0.738932 0.347656 0.732422 0.346680 0.727214 0.344238 0.708984 0.330566 0.703125 0.328613 0.689453 0.319336 0.678385 0.313477 0.666016 0.310547 0.643229 0.298828 0.638021 0.298828 0.629557 0.295410 0.615885 0.291992 0.610677 0.289062 0.602865 0.287598 0.597005 0.284180 0.591797 0.284180 0.566406 0.279297 0.536458 0.276367 0.533854 0.274902 0.521484 0.275391 0.518880 0.273926 0.492839 0.271973 0.491536 0.270996 0.481120 0.271973
