5 0.502480 0.341931 0.546875 0.341931 0.546875 0.438161 0.502480 0.438161
0 0.645585 0.317791 0.679812 0.317791 0.679812 0.401786 0.645585 0.401786
0 0.556796 0.465608 0.653274 0.465608 0.653274 0.595899 0.556796 0.595899
5 0.347718 0.313823 0.384177 0.313823 0.384177 0.357143 0.347718 0.357143
5 0.344990 0.370370 0.420883 0.370370 0.420883 0.426587 0.344990 0.426587
1 0.333333 0.426257 0.606647 0.426257 0.606647 0.719907 0.333333 0.719907
0 0.490575 0.255952 0.564236 0.255952 0.564236 0.315476 0.490575 0.315476
0 0.396577 0.423611 0.465278 0.423611 0.465278 0.579696 0.396577 0.579696
5 0.654266 0.437831 0.692708 0.437831 0.692708 0.575728 0.654266 0.575728
5 0.456845 0.456680 0.514633 0.456680 0.514633 0.539352 0.456845 0.539352
5 0.422867 0.385582 0.547619 0.385582 0.547619 0.473214 0.422867 0.473214
5 0.468502 0.576720 0.481399 0.576720 0.481399 0.613757 0.468502 0.613757
5 0.465030 0.526786 0.499752 0.526786 0.499752 0.599206 0.465030 0.599206
5 0.492808 0.467593 0.590030 0.467593 0.590030 0.593585 0.492808 0.593585
5 0.746528 0.118056 0.889881 0.118056 0.889881 0.227844 0.746528 0.227844
5 0.716518 0.272487 0.928075 0.272487 0.928075 0.501323 0.716518 0.501323
5 0.603671 0.569444 0.650298 0.569444 0.650298 0.664021 0.603671 0.664021
5 0.594246 0.659722 0.650546 0.659722 0.650546 0.760582 0.594246 0.760582
5 0.664435 0.547288 0.832341 0.547288 0.832341 0.709656 0.664435 0.709656
5 0.689980 0.438161 0.826885 0.438161 0.826885 0.550926 0.689980 0.550926
5 0.678819 0.308201 0.769841 0.308201 0.769841 0.435516 0.678819 0.435516
5 0.515625 0.195767 0.655010 0.195767 0.655010 0.268188 0.515625 0.268188
5 0.375496 0.243386 0.421627 0.243386 0.421627 0.353505 0.375496 0.353505
5 0.394841 0.307540 0.484623 0.307540 0.484623 0.410714 0.394841 0.410714
5 0.644345 0.266534 0.704365 0.266534 0.704365 0.324405 0.644345 0.324405
5 0.510169 0.343915 0.508433 0.344907 0.507937 0.346561 0.509177 0.348214 0.512153 0.350198 0.512153 0.352844 0.507688 0.357804 0.506944 0.360450 0.506696 0.366402 0.505456 0.371693 0.504464 0.373347 0.503224 0.383598 0.503472 0.393519 0.502480 0.406746 0.502976 0.412037 0.504960 0.414683 0.514881 0.422950 0.517857 0.426918 0.521825 0.430225 0.525050 0.434193 0.528274 0.436508 0.532490 0.438161 0.536706 0.437831 0.538442 0.436177 0.542659 0.427249 0.546627 0.404762 0.546875 0.391534 0.545387 0.387235 0.544643 0.380622 0.544147 0.380622 0.543403 0.383929 0.538938 0.388228 0.532986 0.390212 0.528274 0.394180 0.525050 0.395172 0.521577 0.398148 0.519097 0.397817 0.516617 0.396164 0.514881 0.392526 0.517361 0.388558 0.518601 0.385251 0.525298 0.381944 0.527778 0.378968 0.534226 0.375000 0.536458 0.372354 0.539683 0.371032 0.540675 0.370040 0.540675 0.368717 0.537946 0.359788 0.534474 0.355820 0.531002 0.349206 0.527282 0.345238 0.519097 0.341931 0.516121 0.341931 0.512649 0.343585
0 0.665923 0.317791 0.658234 0.321429 0.653026 0.328373 0.650050 0.330357 0.648810 0.334325 0.646081 0.337632 0.646577 0.340939 0.646329 0.346561 0.647569 0.349868 0.646329 0.352844 0.647073 0.357804 0.646081 0.360119 0.646081 0.362434 0.647073 0.365741 0.646329 0.368056 0.646329 0.373347 0.645833 0.374669 0.645585 0.389220 0.646577 0.390542 0.655258 0.389881 0.658730 0.390873 0.662698 0.395503 0.664187 0.399471 0.665427 0.401124 0.667163 0.401786 0.672867 0.401786 0.676835 0.400463 0.677579 0.399471 0.678323 0.395503 0.678571 0.378638 0.679812 0.373677 0.679315 0.337632 0.678323 0.334987 0.677331 0.333995 0.678323 0.331349 0.678323 0.327712 0.677579 0.326058 0.677331 0.322421 0.673363 0.319444 0.669891 0.318122
0 0.617312 0.466270 0.615823 0.465608 0.611111 0.465608 0.610119 0.466601 0.610615 0.470238 0.610367 0.475529 0.611855 0.478175 0.610367 0.482804 0.610367 0.490410 0.611359 0.493717 0.610615 0.496032 0.609127 0.497685 0.607639 0.498016 0.604167 0.493056 0.600942 0.490741 0.598710 0.490410 0.595734 0.491733 0.594494 0.493717 0.593254 0.498677 0.590030 0.502315 0.586310 0.508929 0.585317 0.514220 0.581845 0.517196 0.580853 0.520503 0.577877 0.524802 0.574901 0.536706 0.570685 0.541667 0.569940 0.544312 0.568948 0.545635 0.564980 0.546627 0.563988 0.547619 0.562500 0.552249 0.559772 0.555886 0.558780 0.561177 0.557292 0.564484 0.556796 0.572090 0.557788 0.576058 0.561012 0.582672 0.563492 0.589947 0.566220 0.593585 0.568452 0.594907 0.574901 0.595899 0.584573 0.595899 0.587302 0.594577 0.591766 0.593915 0.596230 0.590608 0.600942 0.588624 0.602927 0.586971 0.609127 0.585317 0.615823 0.582011 0.619296 0.579034 0.624256 0.577050 0.626488 0.574405 0.630456 0.572090 0.640129 0.569114 0.647073 0.564484 0.649554 0.561839 0.650050 0.560185 0.649802 0.555886 0.652778 0.545635 0.653274 0.541667 0.651290 0.531415 0.650050 0.530423 0.643353 0.528770 0.638889 0.522156 0.633681 0.522156 0.632440 0.520833 0.631944 0.518188 0.631200 0.517196 0.626488 0.516204 0.618552 0.510913 0.611607 0.504299 0.611359 0.501653 0.611855 0.500992 0.618552 0.500992 0.620288 0.501984 0.622520 0.504630 0.623760 0.504630 0.625744 0.501653 0.627232 0.497024 0.630704 0.494048 0.632192 0.491071 0.632192 0.489418 0.630704 0.486772 0.625744 0.480159 0.623760 0.473545 0.619792 0.470238
5 0.377728 0.313823 0.368552 0.313823 0.353423 0.324735 0.350446 0.328704 0.347966 0.333995 0.347718 0.341601 0.351438 0.350198 0.353671 0.353175 0.356895 0.355489 0.360367 0.356812 0.366071 0.357143 0.372272 0.356481 0.376984 0.353836 0.381696 0.347553 0.383929 0.341270 0.384177 0.337302 0.379960 0.317791
5 0.346230 0.375331 0.344990 0.388889 0.347222 0.391204 0.348710 0.396495 0.352183 0.400794 0.352927 0.404101 0.360863 0.407407 0.364335 0.411706 0.369048 0.416005 0.376240 0.421296 0.384425 0.420304 0.388393 0.420966 0.390377 0.422288 0.393105 0.425926 0.397817 0.425595 0.401042 0.426587 0.404762 0.425265 0.407738 0.425265 0.413442 0.421296 0.414931 0.419312 0.415675 0.416997 0.419147 0.413029 0.420883 0.409061 0.420635 0.407407 0.417659 0.405754 0.412698 0.400132 0.408482 0.398479 0.399554 0.399140 0.396081 0.400794 0.392857 0.400794 0.391617 0.404431 0.387897 0.407738 0.388393 0.412037 0.386657 0.414021 0.385665 0.417328 0.384177 0.418320 0.382688 0.415675 0.382192 0.412037 0.383929 0.405093 0.383681 0.400463 0.385913 0.396825 0.385913 0.393849 0.385169 0.392196 0.382192 0.390542 0.375496 0.389550 0.373760 0.387897 0.373016 0.384921 0.369296 0.385582 0.366567 0.382937 0.362847 0.381283 0.360119 0.378968 0.357887 0.375331 0.356151 0.374339 0.353175 0.370370 0.351935 0.370701 0.350942 0.373677
1 0.372768 0.430225 0.370784 0.435516 0.368552 0.438492 0.367312 0.451389 0.363343 0.458995 0.360119 0.462302 0.359127 0.465278 0.352927 0.470899 0.351687 0.475198 0.349454 0.478836 0.348710 0.481481 0.345238 0.486442 0.343750 0.494048 0.343750 0.498347 0.342758 0.505622 0.343006 0.514220 0.342510 0.517196 0.340278 0.521495 0.337054 0.525463 0.336806 0.528439 0.335069 0.533730 0.333333 0.542659 0.333333 0.545966 0.334573 0.552579 0.337302 0.560185 0.342758 0.563823 0.348710 0.569114 0.350694 0.572421 0.350694 0.576389 0.352183 0.580357 0.356151 0.600529 0.355407 0.601521 0.353175 0.600860 0.351687 0.595569 0.346230 0.593254 0.344494 0.593915 0.343502 0.595238 0.343254 0.599537 0.344494 0.603505 0.344494 0.607804 0.346974 0.612103 0.352431 0.628307 0.354167 0.630952 0.358135 0.633267 0.365327 0.634259 0.376240 0.628968 0.377480 0.628968 0.379464 0.630291 0.382688 0.635251 0.382937 0.639220 0.384177 0.642857 0.384425 0.646164 0.385169 0.647156 0.388145 0.648148 0.392857 0.653439 0.398810 0.655423 0.403026 0.658399 0.406498 0.665013 0.406994 0.670304 0.408730 0.677910 0.410714 0.678241 0.413194 0.679894 0.415179 0.682540 0.416171 0.685185 0.423115 0.686508 0.429067 0.685185 0.431300 0.686508 0.435764 0.687500 0.436756 0.689153 0.437004 0.693452 0.439236 0.701058 0.447669 0.704696 0.450645 0.704696 0.451885 0.705688 0.452629 0.708333 0.453621 0.709656 0.455357 0.710648 0.459325 0.710648 0.463294 0.712302 0.470486 0.713624 0.477431 0.710979 0.483135 0.710317 0.490079 0.711640 0.501984 0.716601 0.515129 0.717593 0.522073 0.716601 0.529514 0.712302 0.532986 0.708664 0.536706 0.706349 0.545139 0.708664 0.556052 0.708664 0.560020 0.707672 0.564236 0.710648 0.568452 0.716270 0.570188 0.717593 0.580357 0.719907 0.583085 0.719246 0.587550 0.719907 0.591270 0.718915 0.596478 0.712632 0.596726 0.705357 0.595238 0.705357 0.594742 0.707341 0.593750 0.708333 0.591270 0.708664 0.584821 0.711310 0.580853 0.710979 0.578869 0.709656 0.573661 0.703373 0.572917 0.701720 0.572917 0.700066 0.574653 0.696429 0.576885 0.695106 0.580357 0.690146 0.586062 0.686839 0.592262 0.678241 0.593254 0.660714 0.594990 0.652778 0.594990 0.649471 0.594246 0.646495 0.594990 0.642526 0.596726 0.640542 0.599206 0.640542 0.601935 0.639220 0.602183 0.637566 0.601190 0.634259 0.602679 0.632275 0.604167 0.631614 0.604911 0.629630 0.604911 0.626653 0.604415 0.625992 0.599702 0.625992 0.595982 0.623347 0.596726 0.618717 0.595734 0.616071 0.595734 0.614087 0.597718 0.608466 0.602431 0.601190 0.604911 0.599206 0.606647 0.595899 0.604663 0.594907 0.594742 0.594907 0.587054 0.595899 0.584573 0.600198 0.583333 0.600529 0.579861 0.599206 0.569692 0.597222 0.563988 0.594907 0.562252 0.593254 0.560764 0.586310 0.558284 0.583995 0.555308 0.579696 0.553323 0.578042 0.548363 0.577050 0.547619 0.576058 0.547619 0.572421 0.546379 0.569114 0.546627 0.564484 0.544643 0.563161 0.537202 0.563823 0.533978 0.562500 0.532490 0.562831 0.531498 0.564815 0.531994 0.568783 0.530506 0.591931 0.528770 0.593254 0.518105 0.593254 0.516121 0.591270 0.516121 0.587632 0.515377 0.584656 0.515129 0.571098 0.514137 0.566799 0.512649 0.565146 0.503224 0.562169 0.501240 0.562169 0.500248 0.563492 0.499752 0.567460 0.499752 0.581349 0.499008 0.591931 0.497520 0.594246 0.493800 0.593915 0.491815 0.594907 0.491071 0.596230 0.491567 0.599868 0.493552 0.602513 0.495784 0.600529 0.498016 0.600198 0.499256 0.602844 0.498760 0.605159 0.497024 0.606481 0.493552 0.604828 0.491567 0.607143 0.484623 0.607474 0.482143 0.608796 0.477431 0.608466 0.476190 0.609127 0.475198 0.611772 0.474206 0.613095 0.472966 0.613426 0.471726 0.616071 0.470982 0.616071 0.470486 0.614418 0.471230 0.610780 0.469990 0.607474 0.469246 0.600198 0.469494 0.594907 0.468502 0.592262 0.468502 0.586971 0.467758 0.584325 0.468006 0.580357 0.469990 0.576058 0.469742 0.567460 0.470486 0.564815 0.468750 0.560847 0.468750 0.557209 0.467758 0.552910 0.467758 0.547950 0.466766 0.545966 0.462302 0.545635 0.460813 0.544312 0.460069 0.541005 0.457837 0.537698 0.458829 0.532738 0.456845 0.531085 0.454117 0.531085 0.453125 0.532407 0.452381 0.537698 0.453621 0.540344 0.453621 0.541667 0.451389 0.545304 0.453125 0.556217 0.452381 0.559854 0.451141 0.561508 0.442708 0.562500 0.440228 0.561177 0.438740 0.561177 0.435020 0.563161 0.423363 0.563161 0.422371 0.563823 0.421875 0.566799 0.422123 0.573413 0.423115 0.576058 0.419643 0.579365 0.413442 0.576720 0.409970 0.571759 0.407242 0.556217 0.405754 0.552249 0.405506 0.547950 0.404514 0.546627 0.401042 0.544974 0.399058 0.541667 0.398810 0.537037 0.398065 0.534392 0.398562 0.529431 0.397569 0.525463 0.395585 0.521495 0.396329 0.518188 0.396329 0.508267 0.395833 0.506283 0.397569 0.501653 0.399802 0.498016 0.399554 0.493386 0.400546 0.490741 0.400546 0.486772 0.401042 0.486111 0.404018 0.486111 0.406250 0.484127 0.411954 0.482804 0.415179 0.484127 0.420387 0.483796 0.421875 0.482474 0.421627 0.478836 0.420139 0.474868 0.420635 0.471892 0.420139 0.469907 0.418651 0.469577 0.414683 0.470899 0.412946 0.475198 0.408234 0.477844 0.406250 0.474868 0.406994 0.470569 0.404762 0.468585 0.400546 0.467593 0.399554 0.465278 0.399554 0.461971 0.401042 0.460317 0.404018 0.459656 0.404762 0.458664 0.405258 0.455688 0.404018 0.451389 0.402034 0.450066 0.400794 0.447751 0.406250 0.444444 0.406250 0.439484 0.407986 0.436177 0.408730 0.435516 0.412202 0.436177 0.412450 0.434854 0.411706 0.434193 0.408730 0.434524 0.407242 0.431878 0.401290 0.429563 0.391865 0.428571 0.388889 0.431217 0.387401 0.429894 0.384425 0.428902 0.381448 0.426257 0.376488 0.426587
0 0.490575 0.276786 0.490823 0.279762 0.492063 0.283069 0.493800 0.285714 0.496032 0.287037 0.498760 0.291667 0.498512 0.295304 0.494544 0.298942 0.494296 0.303241 0.495536 0.304563 0.496280 0.307540 0.500744 0.314153 0.503224 0.315476 0.506944 0.315476 0.513889 0.314153 0.518105 0.309524 0.526042 0.307540 0.528770 0.305886 0.533234 0.300926 0.536954 0.298280 0.547619 0.288360 0.555804 0.282738 0.561012 0.280423 0.564236 0.272156 0.564236 0.270503 0.563492 0.269180 0.560516 0.267857 0.556300 0.269180 0.552827 0.271825 0.544395 0.272487 0.541667 0.270503 0.537698 0.264220 0.530010 0.258598 0.519097 0.255952 0.508929 0.255952 0.505952 0.257606 0.501240 0.258929 0.498016 0.262566 0.495040 0.264550 0.493552 0.266534 0.491319 0.271825
0 0.420635 0.423611 0.419395 0.423611 0.417163 0.427910 0.417411 0.437500 0.415427 0.444114 0.413194 0.457672 0.413938 0.466931 0.411954 0.470569 0.411954 0.474206 0.411458 0.474868 0.409970 0.473214 0.408482 0.473214 0.407986 0.473876 0.407738 0.478175 0.406002 0.481812 0.404514 0.489749 0.399554 0.497685 0.398065 0.501323 0.396577 0.512897 0.397321 0.526124 0.400794 0.541667 0.405506 0.550265 0.407490 0.557209 0.407738 0.560185 0.411210 0.564153 0.413690 0.577050 0.415675 0.579696 0.416915 0.579696 0.419395 0.578042 0.422123 0.573743 0.428323 0.568783 0.430556 0.566138 0.436012 0.562831 0.438492 0.560185 0.442708 0.557540 0.453869 0.545304 0.454365 0.541667 0.456845 0.537037 0.464038 0.528770 0.465030 0.525463 0.465278 0.522156 0.463542 0.516865 0.463790 0.513889 0.459077 0.512566 0.456101 0.509590 0.456349 0.505291 0.454861 0.502646 0.455357 0.497024 0.453869 0.485450 0.453125 0.483135 0.454613 0.474868 0.454117 0.466601 0.452133 0.458003 0.450645 0.456019 0.447669 0.454365 0.438988 0.453704 0.435764 0.452712 0.426835 0.442791 0.422371 0.439153 0.422619 0.434524 0.422123 0.432540 0.422619 0.427910
5 0.657490 0.437831 0.654514 0.443122 0.654266 0.447751 0.655010 0.455026 0.656250 0.459656 0.657490 0.469246 0.659226 0.473876 0.660218 0.479828 0.663442 0.487765 0.665427 0.509259 0.667659 0.521495 0.669395 0.525132 0.669891 0.529762 0.670883 0.532738 0.669643 0.538029 0.665923 0.539021 0.662946 0.541336 0.661458 0.543651 0.660218 0.548280 0.660466 0.557870 0.661210 0.561177 0.663442 0.566468 0.663442 0.572421 0.665427 0.575728 0.666667 0.575728 0.669643 0.572751 0.671627 0.565807 0.672867 0.563823 0.674603 0.562500 0.678075 0.561839 0.679812 0.560185 0.680060 0.555886 0.681796 0.552249 0.689484 0.548611 0.692460 0.545304 0.692708 0.542659 0.688988 0.521495 0.688988 0.517526 0.687996 0.515212 0.685268 0.491402 0.682788 0.486442 0.683532 0.484127 0.683284 0.479167 0.680060 0.474868 0.680308 0.469907 0.679812 0.467262 0.675099 0.457672 0.672619 0.454034 0.668899 0.450397 0.667163 0.445437 0.663690 0.441468 0.658978 0.437831
5 0.509673 0.457011 0.502480 0.456680 0.500248 0.457341 0.498264 0.459325 0.497272 0.459325 0.495288 0.457672 0.493056 0.457672 0.491071 0.459987 0.488839 0.461310 0.486607 0.464286 0.484623 0.464286 0.483383 0.462963 0.482391 0.462963 0.481895 0.469907 0.480407 0.472222 0.472470 0.475860 0.469990 0.478175 0.459325 0.481151 0.457589 0.482804 0.456845 0.485119 0.457093 0.491071 0.461806 0.497685 0.462550 0.502646 0.468750 0.507937 0.475942 0.511243 0.482143 0.516865 0.484127 0.520503 0.484127 0.525794 0.494296 0.539352 0.497520 0.539352 0.498512 0.538690 0.500992 0.532077 0.502480 0.530423 0.510417 0.530093 0.511905 0.527447 0.514385 0.526124 0.514385 0.524140 0.513145 0.521495 0.513641 0.517196 0.511905 0.515542 0.509177 0.505622 0.510169 0.501653 0.509177 0.495040 0.509673 0.489749 0.511161 0.486772 0.513641 0.484788 0.514633 0.481151 0.514633 0.477513 0.512649 0.472553 0.509425 0.471561 0.509177 0.470569 0.513145 0.469577 0.514385 0.467262 0.514385 0.463624 0.513889 0.462302 0.512153 0.460979 0.511657 0.458664
5 0.422867 0.416005 0.423859 0.426587 0.423611 0.432209 0.425099 0.440146 0.431548 0.448413 0.436260 0.452381 0.441716 0.453704 0.447917 0.453704 0.451389 0.455026 0.453373 0.458003 0.454365 0.462302 0.458333 0.471230 0.462302 0.473214 0.467262 0.472884 0.468750 0.470899 0.470238 0.463624 0.470982 0.462963 0.476935 0.468254 0.480655 0.469577 0.481647 0.470569 0.483383 0.470569 0.487351 0.464616 0.490823 0.462963 0.495784 0.456019 0.498264 0.454696 0.506696 0.454696 0.513145 0.446759 0.514385 0.447421 0.516121 0.452050 0.517113 0.453042 0.522073 0.454365 0.525298 0.454365 0.528770 0.455688 0.532986 0.454696 0.537946 0.454696 0.540427 0.453704 0.545883 0.454365 0.547619 0.451720 0.546875 0.447751 0.547123 0.443783 0.545387 0.439815 0.541667 0.440807 0.537698 0.440146 0.532986 0.440476 0.524058 0.434854 0.522073 0.431548 0.517361 0.427579 0.514633 0.422950 0.506200 0.417989 0.501984 0.417328 0.499008 0.415344 0.497024 0.413029 0.495784 0.409061 0.497768 0.405093 0.497272 0.400463 0.495784 0.397487 0.491815 0.393188 0.486607 0.390873 0.482143 0.385913 0.478423 0.385582 0.472470 0.388889 0.469990 0.392196 0.466766 0.402447 0.465030 0.404431 0.459821 0.405423 0.458085 0.405093 0.454861 0.402778 0.451637 0.396825 0.447173 0.396825 0.438988 0.400794 0.436756 0.400132 0.435020 0.400463 0.428323 0.409392 0.425843 0.411376
5 0.471478 0.577050 0.469246 0.580026 0.468502 0.585979 0.470734 0.604828 0.472222 0.611111 0.473214 0.612765 0.474702 0.613757 0.478671 0.613757 0.480903 0.611111 0.481399 0.604497 0.481151 0.595569 0.477183 0.579365 0.474950 0.576720
5 0.465526 0.532738 0.465030 0.533730 0.465278 0.540344 0.466022 0.543651 0.468502 0.548611 0.468750 0.552249 0.469990 0.556548 0.470238 0.561508 0.471974 0.565146 0.474206 0.574735 0.475446 0.577050 0.478919 0.580357 0.478423 0.584325 0.480407 0.586971 0.480903 0.591270 0.482887 0.595238 0.486359 0.599206 0.493552 0.599206 0.495536 0.596561 0.498016 0.595238 0.499752 0.589616 0.499256 0.584656 0.499752 0.581019 0.499504 0.563823 0.498512 0.560847 0.498760 0.555886 0.497272 0.552910 0.497024 0.549272 0.494296 0.544974 0.494544 0.540344 0.492063 0.537037 0.488591 0.528770 0.486359 0.526786 0.483631 0.528108 0.481895 0.530754 0.479663 0.540013 0.478175 0.541997 0.475694 0.540013 0.471974 0.538690 0.469246 0.533069 0.467510 0.532077
5 0.587550 0.486111 0.583581 0.484127 0.574653 0.477513 0.571181 0.476190 0.560764 0.468585 0.549107 0.467593 0.542163 0.469246 0.537450 0.472553 0.533482 0.472884 0.528770 0.469246 0.520337 0.468254 0.517361 0.469246 0.515873 0.470899 0.514881 0.474537 0.514385 0.482474 0.513393 0.483796 0.508185 0.484127 0.505456 0.485780 0.506200 0.489418 0.505952 0.494048 0.506448 0.497685 0.505952 0.498677 0.501984 0.499008 0.497024 0.497685 0.494544 0.498016 0.493552 0.499339 0.492808 0.502315 0.492808 0.506944 0.494296 0.512897 0.495288 0.514550 0.499752 0.517196 0.501984 0.529101 0.503720 0.531085 0.504712 0.533399 0.506200 0.542328 0.506200 0.557209 0.513145 0.573082 0.514881 0.580357 0.515625 0.588294 0.517113 0.591931 0.520833 0.593585 0.529266 0.592923 0.531002 0.591270 0.531994 0.586310 0.535466 0.576389 0.535714 0.568783 0.536954 0.564484 0.536954 0.561177 0.537698 0.560185 0.543403 0.562169 0.548363 0.561508 0.554563 0.548611 0.560268 0.543320 0.562500 0.537368 0.563244 0.533399 0.564484 0.531746 0.568452 0.529431 0.571925 0.523810 0.575645 0.521825 0.576637 0.520503 0.578373 0.515542 0.584573 0.504299 0.585565 0.500661 0.590030 0.494709 0.589782 0.490410
5 0.747272 0.126984 0.746528 0.130952 0.750248 0.137897 0.751984 0.146825 0.751984 0.155423 0.750744 0.166336 0.751240 0.187500 0.749256 0.209325 0.748264 0.212963 0.747024 0.225198 0.747768 0.227183 0.749008 0.227844 0.772569 0.227844 0.820437 0.225198 0.841766 0.224868 0.846974 0.223876 0.861359 0.224206 0.866071 0.223214 0.868552 0.224537 0.888641 0.226852 0.889385 0.226190 0.889881 0.223876 0.888641 0.219907 0.886409 0.217593 0.884425 0.213294 0.880952 0.209656 0.877976 0.208003 0.876488 0.208003 0.873760 0.212632 0.873264 0.215939 0.872520 0.216931 0.869792 0.217923 0.866567 0.217923 0.865327 0.217262 0.861359 0.210648 0.860367 0.207672 0.859375 0.201389 0.859127 0.189815 0.858135 0.184854 0.856895 0.181878 0.853919 0.179563 0.848958 0.179563 0.843006 0.177249 0.838542 0.177910 0.834573 0.180886 0.830357 0.188823 0.829613 0.186839 0.827877 0.174603 0.823661 0.165675 0.821181 0.162368 0.819444 0.158730 0.814732 0.154431 0.807292 0.142857 0.803323 0.137897 0.798859 0.133929 0.791419 0.130291 0.787946 0.125992 0.783730 0.124339 0.779762 0.121693 0.771081 0.124669 0.764385 0.118386 0.760169 0.118056 0.751488 0.120701
5 0.718006 0.291336 0.716518 0.298611 0.718502 0.302910 0.723710 0.304233 0.732143 0.308532 0.734623 0.311508 0.740327 0.315807 0.752480 0.330026 0.756696 0.336971 0.758433 0.341931 0.760913 0.345238 0.764385 0.352513 0.765625 0.357474 0.771081 0.371693 0.771825 0.381283 0.770833 0.388228 0.766369 0.398479 0.764633 0.404762 0.760169 0.409061 0.755456 0.418320 0.751984 0.423280 0.751984 0.424603 0.756448 0.428571 0.761657 0.434854 0.765377 0.437169 0.771825 0.442791 0.778770 0.451720 0.787450 0.456680 0.793899 0.461640 0.797371 0.465278 0.807540 0.471230 0.810268 0.474868 0.813492 0.491071 0.815972 0.497685 0.825645 0.501323 0.834573 0.500000 0.836062 0.498347 0.837054 0.495701 0.841270 0.488757 0.842262 0.485450 0.842510 0.481481 0.841518 0.477183 0.837798 0.471230 0.838542 0.469246 0.841518 0.466931 0.845238 0.466270 0.849454 0.469246 0.853671 0.468585 0.856647 0.466931 0.858135 0.464947 0.860119 0.458664 0.860863 0.452050 0.859871 0.445106 0.857887 0.440807 0.857143 0.440146 0.853423 0.439815 0.851687 0.437500 0.851190 0.431878 0.852183 0.430556 0.858383 0.426918 0.861855 0.422950 0.864583 0.422950 0.868552 0.428571 0.872768 0.431878 0.876240 0.436177 0.878472 0.436839 0.885169 0.436177 0.888641 0.433862 0.895089 0.424934 0.904018 0.416336 0.905506 0.412698 0.906002 0.408069 0.907242 0.404762 0.907738 0.397156 0.907490 0.393188 0.905754 0.385582 0.907986 0.382275 0.911706 0.379630 0.913194 0.377646 0.914683 0.373016 0.914435 0.369378 0.912450 0.361111 0.912450 0.357804 0.914435 0.355159 0.921131 0.351852 0.922619 0.349868 0.923611 0.345899 0.927331 0.341931 0.928075 0.338955 0.927827 0.333333 0.924851 0.327050 0.923611 0.322751 0.923611 0.316468 0.924851 0.310847 0.924851 0.305225 0.923859 0.298942 0.921131 0.290013 0.916915 0.282077 0.912946 0.279101 0.904266 0.274471 0.899802 0.274471 0.892857 0.278770 0.888641 0.283399 0.887401 0.285714 0.881448 0.289021 0.875744 0.289021 0.873512 0.289683 0.868552 0.289021 0.864831 0.289683 0.847470 0.287698 0.834077 0.284392 0.816716 0.282077 0.810268 0.280423 0.801091 0.280093 0.776290 0.275132 0.770585 0.275132 0.754216 0.272817 0.734127 0.272487 0.732391 0.272817 0.730407 0.274471 0.728671 0.279101 0.723958 0.283069
5 0.647321 0.569775 0.643353 0.569444 0.635169 0.572421 0.629712 0.578373 0.626488 0.583664 0.623760 0.592923 0.622520 0.594907 0.621032 0.599537 0.618552 0.603836 0.617808 0.607804 0.607391 0.634259 0.605655 0.646825 0.603671 0.654431 0.604415 0.658730 0.606399 0.662037 0.610615 0.664021 0.612351 0.664021 0.615079 0.662368 0.623512 0.647156 0.625000 0.640212 0.626984 0.634590 0.632440 0.624008 0.633929 0.619709 0.636905 0.615079 0.640129 0.608135 0.641369 0.602844 0.644841 0.593585 0.647073 0.589616 0.649058 0.583333 0.650298 0.577712 0.650298 0.575066 0.649554 0.572421
5 0.596230 0.661376 0.594742 0.664683 0.594246 0.669312 0.594990 0.682209 0.598958 0.693122 0.606399 0.709656 0.610367 0.716931 0.616319 0.723545 0.618056 0.727183 0.624256 0.735119 0.626240 0.739418 0.642113 0.760251 0.643601 0.760582 0.646577 0.759590 0.648562 0.756283 0.650546 0.749008 0.650298 0.744048 0.648065 0.731481 0.644345 0.720569 0.641617 0.714616 0.639385 0.705357 0.633185 0.690476 0.631448 0.681217 0.626488 0.675265 0.625496 0.672950 0.622520 0.670304 0.619792 0.668981 0.614831 0.667989 0.606151 0.664021 0.600446 0.659722 0.598710 0.659722
5 0.664931 0.588294 0.664435 0.591270 0.664435 0.599537 0.665427 0.603505 0.670635 0.608135 0.673611 0.609458 0.677827 0.609127 0.680308 0.607804 0.682292 0.604497 0.685516 0.602844 0.691220 0.596892 0.693948 0.595569 0.697173 0.591601 0.698661 0.588294 0.700893 0.586971 0.705109 0.581349 0.708333 0.580688 0.710813 0.583333 0.711558 0.588294 0.710317 0.592593 0.709325 0.594246 0.707093 0.595899 0.699653 0.606812 0.688492 0.615410 0.684772 0.619709 0.678075 0.623677 0.673611 0.624008 0.671627 0.626653 0.676091 0.632937 0.677331 0.639550 0.681052 0.646825 0.684772 0.650794 0.685516 0.654101 0.689732 0.659061 0.693700 0.662037 0.696677 0.665675 0.699157 0.667328 0.704861 0.673611 0.708829 0.676257 0.711806 0.679894 0.717014 0.683862 0.719990 0.687831 0.725694 0.691468 0.728175 0.694114 0.731647 0.695437 0.740327 0.695106 0.746776 0.698413 0.751488 0.702381 0.754464 0.703042 0.760665 0.702712 0.764137 0.704034 0.768353 0.707011 0.771825 0.707672 0.779514 0.707341 0.782490 0.708664 0.787946 0.709656 0.790427 0.708664 0.793403 0.704034 0.796627 0.701720 0.798611 0.701058 0.803819 0.701720 0.807292 0.700066 0.813740 0.692791 0.818700 0.689815 0.823413 0.685185 0.825149 0.681878 0.824405 0.675595 0.824653 0.672950 0.829861 0.665013 0.830357 0.663029 0.829861 0.651124 0.832341 0.646164 0.830853 0.642526 0.830605 0.637897 0.829861 0.635582 0.830357 0.629960 0.827877 0.622685 0.822421 0.615079 0.820933 0.608466 0.818700 0.603505 0.814236 0.598214 0.812252 0.593254 0.809276 0.588624 0.793155 0.570767 0.783730 0.565146 0.780010 0.561177 0.775050 0.558532 0.770337 0.557870 0.765377 0.554233 0.750496 0.550265 0.748264 0.548942 0.740079 0.549603 0.733135 0.547619 0.728671 0.547288 0.724454 0.549272 0.722718 0.552249 0.717510 0.555225 0.708333 0.554563 0.704613 0.552579 0.700893 0.551587 0.697917 0.549272 0.696677 0.549272 0.692460 0.552910 0.689484 0.553571 0.685764 0.555886 0.684524 0.559854 0.683284 0.561508 0.673611 0.568783 0.671627 0.572421 0.670387 0.578373
5 0.693948 0.447090 0.691468 0.455688 0.689980 0.471892 0.689980 0.479497 0.690972 0.486111 0.692212 0.490079 0.694692 0.493056 0.697917 0.494048 0.705853 0.491071 0.708581 0.486772 0.710069 0.489087 0.709821 0.490741 0.707589 0.492725 0.703373 0.498677 0.700397 0.504630 0.697917 0.503968 0.697421 0.504630 0.697917 0.509590 0.700397 0.515542 0.703373 0.530754 0.705357 0.535714 0.707093 0.537698 0.712550 0.540344 0.717262 0.541005 0.718998 0.539352 0.724206 0.537368 0.729167 0.537368 0.731895 0.536045 0.736359 0.536376 0.739087 0.535384 0.751984 0.535714 0.762897 0.537037 0.772569 0.539352 0.778274 0.541336 0.782986 0.543981 0.791419 0.545635 0.798859 0.548611 0.802331 0.550926 0.805804 0.550595 0.810764 0.548611 0.814980 0.541005 0.819692 0.537698 0.820188 0.535384 0.820188 0.526124 0.826637 0.517526 0.826885 0.512566 0.826141 0.508929 0.824653 0.506614 0.819444 0.502976 0.814484 0.497354 0.812748 0.491402 0.808532 0.482143 0.808036 0.478836 0.802331 0.470899 0.797371 0.468585 0.791667 0.463294 0.786954 0.460979 0.783730 0.458333 0.776290 0.455357 0.768601 0.455357 0.759425 0.451058 0.755456 0.446759 0.752232 0.448082 0.749752 0.445437 0.746776 0.444444 0.741071 0.440807 0.732391 0.438492 0.724950 0.438161 0.719742 0.439815 0.716766 0.442791 0.713790 0.442791 0.709821 0.441138 0.705853 0.440476 0.697421 0.442130
5 0.733135 0.312500 0.721974 0.308201 0.714782 0.308201 0.705357 0.310185 0.701141 0.312831 0.696677 0.313492 0.692460 0.316799 0.688988 0.318452 0.684276 0.324405 0.681300 0.326389 0.680308 0.328042 0.679563 0.332011 0.679563 0.336971 0.680804 0.345899 0.680308 0.352183 0.680556 0.366071 0.678819 0.386243 0.678819 0.394511 0.679563 0.399471 0.681548 0.402116 0.687252 0.402447 0.693948 0.398810 0.697917 0.394511 0.701141 0.394180 0.702629 0.395833 0.703621 0.399802 0.702381 0.403770 0.700645 0.406085 0.697421 0.408399 0.694692 0.412698 0.692708 0.414021 0.689236 0.414683 0.687252 0.416667 0.686508 0.419643 0.686260 0.428571 0.687004 0.432209 0.688988 0.433862 0.696429 0.435185 0.704365 0.435516 0.715774 0.434854 0.723958 0.433201 0.728423 0.431548 0.732391 0.431217 0.736855 0.428902 0.743056 0.426918 0.749752 0.421958 0.756448 0.413360 0.758929 0.407738 0.763641 0.401786 0.766369 0.395833 0.768849 0.388558 0.769841 0.379299 0.769345 0.373347 0.764881 0.359127 0.755456 0.338624 0.750000 0.330026 0.740575 0.318122
5 0.515625 0.228175 0.515873 0.236442 0.517113 0.239749 0.518353 0.248016 0.519345 0.250331 0.524554 0.254299 0.529514 0.255622 0.532986 0.258598 0.536954 0.260251 0.540675 0.265542 0.544643 0.268188 0.553323 0.267857 0.555804 0.266204 0.561012 0.264550 0.563740 0.262566 0.565228 0.262566 0.568700 0.265873 0.571181 0.267526 0.573165 0.267857 0.579613 0.265542 0.584077 0.265212 0.591270 0.262897 0.596230 0.260251 0.600446 0.258929 0.607887 0.258598 0.610863 0.257275 0.615327 0.257275 0.618800 0.255952 0.623512 0.255622 0.627232 0.253638 0.631448 0.253307 0.635169 0.251323 0.646329 0.250000 0.648810 0.249008 0.653770 0.245370 0.654762 0.243717 0.655010 0.240741 0.654762 0.236772 0.651786 0.231812 0.649554 0.229167 0.646577 0.227513 0.622272 0.220569 0.603423 0.218585 0.599206 0.215939 0.593750 0.214947 0.590030 0.212302 0.574901 0.210317 0.561012 0.204365 0.556548 0.203704 0.542907 0.197751 0.535218 0.195767 0.532490 0.195767 0.529514 0.198082 0.528522 0.200397 0.526786 0.208664 0.525546 0.210648 0.521825 0.210648 0.520089 0.211971 0.517361 0.219907
5 0.399306 0.243386 0.394841 0.243386 0.392609 0.244048 0.391121 0.245370 0.385169 0.254960 0.381200 0.268188 0.376488 0.275463 0.375496 0.279101 0.375496 0.283730 0.378224 0.296296 0.379464 0.310516 0.380704 0.314484 0.382688 0.326720 0.387897 0.344907 0.391121 0.347884 0.392113 0.353175 0.392857 0.353505 0.393353 0.353175 0.393105 0.347884 0.391121 0.342262 0.392361 0.332672 0.393849 0.330026 0.397073 0.327381 0.403770 0.325728 0.407986 0.322751 0.413690 0.311508 0.420139 0.302579 0.421627 0.295635 0.421627 0.286376 0.420635 0.275132 0.417907 0.265873 0.412946 0.255622 0.409722 0.250992 0.404762 0.245370
5 0.447917 0.307540 0.436756 0.311177 0.431052 0.311177 0.420883 0.316468 0.418155 0.319775 0.412946 0.322751 0.409226 0.326720 0.399554 0.329365 0.397569 0.330688 0.395337 0.334987 0.394841 0.337963 0.395089 0.342593 0.396081 0.349206 0.398065 0.353836 0.398562 0.357143 0.401290 0.362103 0.404762 0.372685 0.406746 0.375992 0.409226 0.384590 0.413938 0.393849 0.415923 0.401124 0.419395 0.404762 0.423363 0.410714 0.428075 0.409392 0.433532 0.405423 0.436012 0.402778 0.439980 0.402447 0.447173 0.396825 0.451637 0.397156 0.454117 0.400132 0.455853 0.403770 0.458333 0.405754 0.462798 0.404762 0.467262 0.397487 0.468998 0.392196 0.470486 0.390212 0.474206 0.386905 0.483631 0.380622 0.484623 0.378307 0.484623 0.362434 0.482143 0.355489 0.477183 0.349537 0.475198 0.345238 0.472718 0.343915 0.469742 0.339947 0.465774 0.331680 0.460813 0.327712 0.457837 0.322751 0.454613 0.319775 0.451885 0.311177
5 0.703125 0.268188 0.701637 0.266865 0.696181 0.266534 0.689484 0.269841 0.686260 0.273479 0.682292 0.275794 0.677827 0.280423 0.673363 0.282738 0.669147 0.287698 0.664931 0.290344 0.662698 0.292989 0.657242 0.297288 0.655506 0.299603 0.653026 0.305556 0.648562 0.311177 0.645337 0.314153 0.644345 0.317791 0.644593 0.322421 0.646329 0.324405 0.649058 0.324405 0.651786 0.323413 0.653770 0.321429 0.659970 0.317791 0.676339 0.302249 0.682540 0.298611 0.699405 0.285053 0.702381 0.281415 0.703373 0.279101 0.704365 0.271164
