5 0.510417 0.470899 0.614583 0.470899 0.614583 0.800595 0.510417 0.800595
5 0.408730 0.504960 0.510169 0.504960 0.510169 0.657077 0.408730 0.657077
5 0.565724 0.472553 0.656498 0.472553 0.656498 0.670304 0.565724 0.670304
0 0.504712 0.618386 0.569940 0.618386 0.569940 0.709987 0.504712 0.709987
0 0.598214 0.172950 0.700893 0.172950 0.700893 0.303902 0.598214 0.303902
6 0.084325 0.214947 0.265377 0.214947 0.265377 0.456019 0.084325 0.456019
5 0.492808 0.314815 0.663194 0.314815 0.663194 0.556217 0.492808 0.556217
1 0.350446 0.147487 0.649306 0.147487 0.649306 0.515542 0.350446 0.515542
0 0.344494 0.472553 0.468750 0.472553 0.468750 0.708664 0.344494 0.708664
0 0.615079 0.397156 0.852679 0.397156 0.852679 0.801587 0.615079 0.801587
5 0.516865 0.470899 0.515129 0.473545 0.515625 0.480159 0.514881 0.483466 0.513145 0.485119 0.511409 0.485119 0.510417 0.486111 0.512649 0.489749 0.512897 0.496032 0.514633 0.502315 0.515129 0.506944 0.520833 0.526786 0.523562 0.533730 0.525050 0.544643 0.528026 0.549934 0.529762 0.560185 0.531250 0.565146 0.532242 0.574405 0.534722 0.583003 0.539435 0.595238 0.540923 0.606812 0.547371 0.615079 0.553075 0.618056 0.556300 0.622354 0.560764 0.624339 0.563740 0.627646 0.564484 0.631614 0.566964 0.635251 0.569444 0.642857 0.570188 0.650463 0.569692 0.654762 0.570933 0.658069 0.570933 0.662368 0.569940 0.669643 0.571429 0.674272 0.571677 0.677910 0.570188 0.680556 0.567956 0.682540 0.566716 0.687500 0.566716 0.695437 0.567460 0.701058 0.569444 0.706349 0.571677 0.724868 0.572917 0.729167 0.572917 0.732143 0.574653 0.736442 0.575149 0.745040 0.574405 0.747354 0.570933 0.751323 0.568948 0.762235 0.567956 0.764550 0.564732 0.768849 0.561260 0.768849 0.557292 0.766865 0.553323 0.766865 0.552083 0.768519 0.551835 0.772156 0.555060 0.780423 0.558284 0.783399 0.564484 0.791336 0.576637 0.796958 0.580357 0.799934 0.584077 0.800595 0.591022 0.799934 0.602927 0.794643 0.606895 0.791667 0.610367 0.787037 0.613591 0.779431 0.614583 0.772487 0.614087 0.767857 0.612103 0.764550 0.608135 0.761905 0.598710 0.765542 0.596726 0.763558 0.595238 0.760582 0.595238 0.759259 0.596726 0.755622 0.596230 0.737765 0.594494 0.730159 0.593502 0.708995 0.590278 0.689484 0.589286 0.674272 0.585813 0.659061 0.585565 0.653770 0.580605 0.638889 0.576885 0.617394 0.575149 0.612434 0.573165 0.603175 0.571181 0.598876 0.567956 0.581349 0.564732 0.575397 0.561508 0.555886 0.559276 0.548611 0.554812 0.537368 0.553819 0.532077 0.550099 0.523479 0.549355 0.519511 0.546627 0.512897 0.545883 0.508929 0.542659 0.501323 0.540675 0.499339 0.532986 0.497354 0.529266 0.491071 0.526538 0.484458 0.523810 0.480820 0.522569 0.477513 0.518105 0.471230
5 0.421131 0.507937 0.414931 0.514881 0.411706 0.522817 0.408730 0.540344 0.408730 0.547288 0.409226 0.553571 0.410466 0.559193 0.410962 0.568452 0.414931 0.573082 0.419395 0.575066 0.421627 0.578704 0.423611 0.584656 0.424603 0.592262 0.424355 0.596230 0.426339 0.603836 0.436508 0.616071 0.438492 0.621362 0.439980 0.623677 0.444196 0.627976 0.446925 0.635582 0.448909 0.639220 0.451637 0.642526 0.452381 0.644511 0.454117 0.646495 0.459077 0.649471 0.461558 0.652447 0.467758 0.655754 0.471726 0.656746 0.485863 0.657077 0.491071 0.656746 0.498016 0.652116 0.500496 0.647487 0.501488 0.642526 0.505456 0.636243 0.507688 0.630952 0.510169 0.619709 0.510169 0.610780 0.509177 0.607804 0.509177 0.603505 0.507688 0.594907 0.502480 0.584656 0.502232 0.580688 0.500000 0.572090 0.496032 0.562831 0.493552 0.559854 0.490823 0.553241 0.487351 0.547950 0.484871 0.545635 0.482143 0.540344 0.478671 0.537037 0.475198 0.531746 0.471478 0.529431 0.466766 0.522156 0.463542 0.520172 0.459821 0.516534 0.454613 0.514550 0.452133 0.511243 0.449405 0.509259 0.437748 0.504960 0.426587 0.504960 0.423611 0.505952
5 0.595982 0.473214 0.591022 0.476852 0.587054 0.477844 0.580109 0.483135 0.577629 0.486111 0.576141 0.490079 0.571677 0.496032 0.566716 0.506283 0.565724 0.510913 0.565972 0.520172 0.571677 0.537698 0.573661 0.540344 0.574901 0.544312 0.577381 0.548942 0.579613 0.558532 0.582589 0.565807 0.584077 0.576389 0.586558 0.581349 0.588790 0.591601 0.590774 0.596561 0.592014 0.615741 0.590774 0.618717 0.589534 0.624669 0.589286 0.636243 0.590278 0.642196 0.594246 0.651786 0.595982 0.654101 0.604167 0.661376 0.618552 0.670304 0.623264 0.670304 0.633681 0.663029 0.641369 0.654762 0.643849 0.646825 0.644345 0.643519 0.646329 0.638889 0.647817 0.627646 0.649554 0.623347 0.650050 0.620040 0.650050 0.611772 0.649554 0.609127 0.650050 0.600860 0.651290 0.596561 0.655258 0.591931 0.656498 0.585317 0.656250 0.569114 0.655754 0.564153 0.654514 0.559193 0.653274 0.545304 0.650298 0.533069 0.650050 0.529762 0.646081 0.515873 0.644841 0.512897 0.642361 0.509590 0.640129 0.501653 0.637649 0.498016 0.633185 0.488757 0.630952 0.485780 0.626488 0.483135 0.622024 0.478505 0.616071 0.475198 0.608135 0.472884 0.599454 0.472553
0 0.551091 0.619378 0.547371 0.618386 0.542907 0.618386 0.540923 0.619378 0.537450 0.624669 0.535218 0.625992 0.533978 0.627646 0.532490 0.630952 0.529018 0.635582 0.526290 0.637235 0.523562 0.637897 0.521329 0.639881 0.517857 0.638558 0.514881 0.640873 0.511409 0.642196 0.507937 0.645833 0.505208 0.650794 0.504712 0.654762 0.505952 0.662037 0.507192 0.665675 0.509921 0.670635 0.513889 0.672950 0.516865 0.676257 0.527034 0.679233 0.530258 0.681548 0.531250 0.685185 0.531498 0.692130 0.530754 0.704696 0.531498 0.708003 0.533234 0.709987 0.534474 0.709656 0.537698 0.706680 0.540923 0.701389 0.541667 0.701389 0.543899 0.705357 0.548115 0.708333 0.552579 0.707672 0.555060 0.705026 0.559276 0.697751 0.560764 0.692130 0.561012 0.684854 0.559524 0.676918 0.559524 0.672619 0.560516 0.670966 0.565228 0.672950 0.566220 0.674603 0.565972 0.677579 0.567956 0.679563 0.568948 0.679563 0.569444 0.678571 0.569196 0.667328 0.569940 0.663360 0.569692 0.657077 0.567956 0.650132 0.566468 0.648148 0.563740 0.641534 0.562748 0.630952 0.561260 0.626984 0.555556 0.624669
0 0.662450 0.174934 0.651290 0.172950 0.640625 0.173942 0.634177 0.175926 0.630208 0.178902 0.625744 0.180886 0.622520 0.185847 0.618552 0.187831 0.609623 0.196759 0.608383 0.201058 0.604415 0.206019 0.601935 0.211310 0.599702 0.221230 0.598710 0.223545 0.598214 0.228836 0.598462 0.246032 0.599702 0.255291 0.603175 0.271495 0.609871 0.283730 0.614335 0.289352 0.620040 0.293981 0.629464 0.299272 0.632440 0.300265 0.635665 0.302579 0.644097 0.303902 0.656250 0.303571 0.666171 0.300595 0.678075 0.294312 0.681796 0.290013 0.684772 0.287698 0.686260 0.285714 0.687748 0.282077 0.694692 0.272817 0.699157 0.259590 0.700893 0.249669 0.700893 0.227844 0.699157 0.220899 0.696677 0.216270 0.693948 0.206019 0.690972 0.202050 0.686260 0.192460 0.683036 0.188492 0.673859 0.182540 0.669643 0.178902 0.666667 0.177910
6 0.202133 0.219246 0.185516 0.214947 0.167163 0.215278 0.158234 0.217262 0.153274 0.219907 0.149802 0.220899 0.141121 0.226190 0.137153 0.230159 0.127976 0.236772 0.123016 0.242725 0.119544 0.245040 0.111359 0.252976 0.106895 0.260582 0.102927 0.265542 0.094742 0.283730 0.087302 0.314815 0.084325 0.341270 0.084573 0.358135 0.086558 0.372354 0.091518 0.385251 0.095486 0.398479 0.098214 0.403770 0.101438 0.407738 0.103423 0.412368 0.108135 0.418651 0.111855 0.425926 0.118800 0.435185 0.123512 0.438492 0.126736 0.443783 0.131448 0.446429 0.135417 0.449735 0.143353 0.453373 0.153522 0.455688 0.166171 0.455357 0.172619 0.456019 0.180060 0.455026 0.185268 0.455357 0.199653 0.451720 0.217262 0.441799 0.220486 0.438492 0.225694 0.435847 0.229167 0.431878 0.233383 0.428571 0.236855 0.422619 0.240575 0.419643 0.242063 0.416005 0.249008 0.405093 0.250992 0.397487 0.251488 0.392526 0.256696 0.382275 0.257688 0.377646 0.259673 0.373677 0.262649 0.364749 0.264385 0.357474 0.265129 0.349868 0.264881 0.335648 0.265377 0.324405 0.264881 0.312169 0.262153 0.293981 0.260913 0.289683 0.259177 0.286376 0.256448 0.276786 0.252480 0.269511 0.248264 0.258267 0.241815 0.249669 0.236607 0.245040 0.226687 0.234458 0.220982 0.230820 0.217510 0.227183 0.213046 0.225198 0.209573 0.222553
5 0.496032 0.376323 0.493056 0.383267 0.492808 0.385582 0.493552 0.389881 0.498264 0.396164 0.501488 0.402447 0.505456 0.407077 0.506696 0.410384 0.507688 0.419974 0.509177 0.424934 0.509673 0.428902 0.515625 0.439815 0.520833 0.447090 0.522321 0.454034 0.524554 0.459325 0.525050 0.462302 0.524554 0.464947 0.524802 0.471230 0.529018 0.481812 0.530506 0.488095 0.532242 0.490741 0.537450 0.491402 0.544891 0.486442 0.548115 0.478505 0.553075 0.470899 0.553571 0.461971 0.553075 0.460317 0.553075 0.453373 0.551587 0.444444 0.551587 0.432209 0.553323 0.427910 0.556548 0.428571 0.560020 0.431548 0.561012 0.431548 0.563740 0.428241 0.563740 0.422950 0.562748 0.416336 0.562748 0.408399 0.563492 0.406415 0.564732 0.405093 0.568452 0.404101 0.571181 0.406085 0.576637 0.405093 0.578869 0.406415 0.583829 0.407077 0.585565 0.408730 0.585813 0.412698 0.584573 0.415344 0.585317 0.420304 0.586062 0.422288 0.588046 0.423942 0.586310 0.426587 0.585813 0.429233 0.583333 0.430225 0.582589 0.431548 0.582589 0.434854 0.583829 0.436508 0.584325 0.439153 0.587550 0.438823 0.587302 0.444114 0.589782 0.445106 0.591022 0.448082 0.592510 0.447421 0.592758 0.444444 0.594246 0.443122 0.593998 0.439484 0.595238 0.438161 0.597718 0.438492 0.598958 0.439484 0.604167 0.438823 0.608135 0.442791 0.608383 0.444775 0.606895 0.446759 0.607143 0.447751 0.607887 0.447751 0.608879 0.446429 0.610863 0.446429 0.611855 0.447751 0.612103 0.456019 0.615327 0.462632 0.616319 0.468915 0.618552 0.473876 0.622768 0.476852 0.627232 0.482143 0.631696 0.484458 0.634921 0.488426 0.638641 0.490741 0.640625 0.498347 0.643353 0.504960 0.644345 0.509590 0.646577 0.513889 0.648810 0.524140 0.652034 0.532738 0.654018 0.541667 0.656002 0.546958 0.657490 0.555556 0.658234 0.556217 0.659226 0.555556 0.661706 0.549272 0.663194 0.538360 0.663194 0.519180 0.661458 0.493056 0.660962 0.460648 0.660218 0.446429 0.657490 0.438823 0.653274 0.436177 0.652282 0.434854 0.652778 0.432870 0.652530 0.427249 0.653770 0.419974 0.654266 0.405423 0.653274 0.385582 0.651538 0.376323 0.649802 0.372024 0.648065 0.361442 0.645089 0.352513 0.640129 0.341270 0.637401 0.336971 0.633681 0.333003 0.630952 0.328373 0.627728 0.326058 0.623512 0.321098 0.618552 0.319114 0.615823 0.316799 0.608631 0.314815 0.602431 0.315146 0.596478 0.319775 0.594742 0.322090 0.592758 0.327381 0.590278 0.329365 0.587798 0.332672 0.585813 0.342593 0.584325 0.344577 0.580357 0.344577 0.576637 0.339286 0.575149 0.338624 0.564980 0.340939 0.562004 0.343254 0.555308 0.345569 0.551835 0.350529 0.548859 0.356481 0.548611 0.358796 0.549355 0.361111 0.547867 0.363426 0.547123 0.366733 0.545883 0.368717 0.540427 0.369048 0.530258 0.365410 0.525050 0.364749 0.521081 0.362765 0.518353 0.363757 0.511657 0.363757 0.501488 0.368386 0.500496 0.369709 0.499504 0.373016
1 0.649306 0.161045 0.643353 0.157738 0.638393 0.157738 0.630704 0.153770 0.625496 0.153770 0.624008 0.154431 0.618056 0.153770 0.613343 0.155093 0.609871 0.155093 0.607639 0.153108 0.603919 0.153108 0.600694 0.151124 0.596726 0.150132 0.587798 0.150132 0.582837 0.151124 0.580853 0.150132 0.575893 0.150132 0.564484 0.147487 0.557292 0.150132 0.551339 0.155754 0.545139 0.158399 0.541419 0.159061 0.536210 0.163360 0.533234 0.163690 0.528770 0.166667 0.525546 0.166997 0.521825 0.169974 0.516865 0.170966 0.513145 0.174934 0.509425 0.174934 0.506696 0.176257 0.505456 0.176257 0.502728 0.174603 0.501240 0.174603 0.498264 0.176257 0.494296 0.175926 0.493304 0.176918 0.492560 0.179233 0.490823 0.191468 0.489583 0.193122 0.484871 0.194775 0.481647 0.198743 0.472470 0.202050 0.467510 0.204696 0.462550 0.203704 0.459821 0.202050 0.454117 0.202050 0.448661 0.204034 0.446925 0.205357 0.444444 0.211971 0.442212 0.215939 0.438988 0.218585 0.437748 0.220569 0.435268 0.232143 0.433532 0.236111 0.432788 0.240079 0.429812 0.247024 0.422123 0.252976 0.415923 0.264550 0.412202 0.265212 0.408482 0.266865 0.406498 0.271164 0.406250 0.276124 0.403770 0.279762 0.400050 0.277447 0.393849 0.277447 0.391865 0.279101 0.388145 0.280423 0.385417 0.284392 0.384177 0.287698 0.381448 0.291336 0.377728 0.289683 0.373760 0.290675 0.372272 0.294643 0.368800 0.298280 0.368800 0.302249 0.366567 0.306217 0.365823 0.309854 0.362103 0.314484 0.361607 0.321429 0.361855 0.327050 0.364335 0.338294 0.363591 0.341270 0.360615 0.345238 0.360367 0.349537 0.361607 0.354167 0.365327 0.357474 0.364583 0.358466 0.361607 0.359788 0.360367 0.362434 0.358879 0.372354 0.359127 0.384590 0.358135 0.400132 0.357143 0.404431 0.353175 0.408069 0.352927 0.412037 0.350942 0.416997 0.350446 0.419974 0.352679 0.421958 0.357143 0.422619 0.358879 0.424272 0.359127 0.428241 0.363839 0.437169 0.366567 0.440146 0.367063 0.443122 0.366071 0.446429 0.366071 0.451389 0.368552 0.453373 0.372520 0.454034 0.373512 0.455688 0.374008 0.461971 0.373512 0.471230 0.375248 0.479167 0.375248 0.482143 0.377232 0.487103 0.377232 0.490079 0.375744 0.493717 0.375496 0.501653 0.376240 0.502646 0.378224 0.502646 0.381200 0.500992 0.388641 0.501323 0.396825 0.504299 0.400546 0.507937 0.404762 0.508267 0.408730 0.507275 0.411210 0.508598 0.415675 0.508598 0.420387 0.506614 0.422123 0.502976 0.423859 0.501323 0.434772 0.500992 0.439980 0.503307 0.443948 0.503968 0.446925 0.505952 0.451389 0.506614 0.453125 0.509259 0.454117 0.513558 0.455357 0.514881 0.466766 0.515542 0.472966 0.513228 0.482887 0.506614 0.483383 0.501323 0.486607 0.494378 0.487103 0.490410 0.490079 0.490741 0.492312 0.486772 0.497024 0.486111 0.499256 0.484788 0.500248 0.480820 0.499504 0.454696 0.501984 0.451389 0.504960 0.452381 0.507688 0.451720 0.511161 0.447751 0.513393 0.443122 0.519097 0.450397 0.519097 0.451389 0.517113 0.454365 0.517113 0.456019 0.518601 0.460648 0.520585 0.463624 0.521329 0.466601 0.525794 0.470238 0.528274 0.470569 0.529762 0.471561 0.530010 0.474537 0.531746 0.478175 0.532986 0.482804 0.532738 0.486111 0.533482 0.487434 0.537698 0.487103 0.545387 0.483135 0.546379 0.478505 0.550347 0.471892 0.551339 0.467593 0.551091 0.461640 0.551587 0.458003 0.551091 0.455688 0.552579 0.452050 0.552579 0.450397 0.551339 0.447751 0.551587 0.442130 0.551091 0.438823 0.549603 0.434854 0.551091 0.431217 0.552331 0.429563 0.554563 0.428241 0.556052 0.424603 0.557540 0.422619 0.560268 0.420635 0.560516 0.415675 0.561756 0.410714 0.561508 0.407407 0.560020 0.405754 0.547867 0.405423 0.546875 0.404431 0.545883 0.399802 0.545883 0.396164 0.544891 0.394180 0.541171 0.392196 0.537450 0.391865 0.534722 0.392857 0.534474 0.401455 0.534970 0.404431 0.536954 0.405423 0.544891 0.406085 0.545883 0.407077 0.545635 0.418981 0.544147 0.420635 0.531002 0.421627 0.530010 0.423942 0.530010 0.428902 0.530754 0.431878 0.529762 0.435185 0.527034 0.436177 0.516865 0.437500 0.514881 0.435847 0.516121 0.428571 0.516369 0.413690 0.515873 0.407407 0.514633 0.405754 0.513145 0.405093 0.501488 0.405423 0.500744 0.404101 0.500496 0.392196 0.498264 0.389550 0.494792 0.388889 0.494048 0.387897 0.494048 0.385251 0.496032 0.381283 0.496776 0.377646 0.501736 0.375000 0.514881 0.375331 0.517361 0.374008 0.530506 0.375331 0.546875 0.375000 0.547619 0.374008 0.547619 0.363426 0.549107 0.358135 0.549107 0.353505 0.555556 0.345238 0.559772 0.343915 0.576885 0.343585 0.579117 0.342923 0.584573 0.343254 0.585813 0.342262 0.586062 0.338294 0.587550 0.334987 0.588542 0.330688 0.593254 0.326720 0.595734 0.319444 0.600198 0.314484 0.601687 0.310847 0.602431 0.306217 0.602183 0.301587 0.601438 0.298942 0.601687 0.294643 0.600198 0.291997 0.595982 0.288360 0.594990 0.285053 0.594494 0.268519 0.594742 0.254960 0.593502 0.245040 0.593502 0.239087 0.592262 0.235780 0.592014 0.231812 0.590526 0.227844 0.587302 0.224206 0.587550 0.221561 0.589286 0.219907 0.591518 0.219246 0.593254 0.217262 0.595734 0.208664 0.601935 0.201720 0.604167 0.196429 0.605407 0.194775 0.607391 0.194114 0.610367 0.188823 0.616567 0.186508 0.618304 0.183532 0.622768 0.180225 0.627232 0.175595 0.632688 0.171958 0.639633 0.170635 0.644841 0.167989 0.647817 0.165013 0.649306 0.162698
0 0.354167 0.473876 0.352679 0.475860 0.351935 0.478175 0.350694 0.488095 0.350942 0.498347 0.352183 0.501653 0.352183 0.503968 0.347966 0.516534 0.347470 0.520833 0.345486 0.526455 0.344494 0.532738 0.344990 0.537698 0.347470 0.544643 0.350446 0.549934 0.352927 0.560516 0.354911 0.564484 0.357639 0.579034 0.357391 0.583995 0.358879 0.589616 0.360615 0.591931 0.363839 0.593254 0.373512 0.592593 0.375496 0.594246 0.377232 0.596892 0.378472 0.606812 0.382440 0.617394 0.383185 0.623677 0.381944 0.634921 0.381944 0.639550 0.384177 0.646164 0.391617 0.653439 0.395337 0.655423 0.396577 0.657077 0.397817 0.666667 0.399058 0.671296 0.403274 0.678241 0.407490 0.682540 0.415675 0.681878 0.418155 0.683201 0.420883 0.686177 0.423859 0.688161 0.431548 0.688823 0.435020 0.689815 0.437004 0.695437 0.437748 0.701058 0.439980 0.703704 0.451141 0.708664 0.455357 0.708333 0.459573 0.705026 0.460565 0.702050 0.460813 0.689815 0.459573 0.685847 0.459573 0.682209 0.464534 0.677579 0.468502 0.671627 0.468750 0.666997 0.468254 0.662037 0.466270 0.659392 0.465030 0.655754 0.460565 0.650132 0.455605 0.646164 0.453125 0.642196 0.448413 0.637235 0.444196 0.628968 0.441220 0.624669 0.438988 0.622685 0.437748 0.618386 0.433780 0.615079 0.425347 0.604167 0.424107 0.598876 0.424107 0.589947 0.422867 0.579034 0.420387 0.574405 0.414931 0.569444 0.411210 0.564484 0.410962 0.560516 0.409226 0.556878 0.408234 0.552910 0.406994 0.541997 0.407242 0.532738 0.408730 0.529762 0.408482 0.525132 0.409474 0.521825 0.409970 0.513889 0.408730 0.512235 0.406994 0.512235 0.405258 0.513558 0.404018 0.513558 0.403274 0.512566 0.402778 0.509921 0.403274 0.506944 0.403026 0.504630 0.400050 0.501653 0.392113 0.499339 0.391121 0.498016 0.391617 0.494378 0.385665 0.489418 0.380456 0.480820 0.374504 0.477183 0.368800 0.475860 0.365327 0.473876 0.358879 0.472553 0.356647 0.472553
0 0.845238 0.430886 0.834077 0.427910 0.829117 0.425595 0.825893 0.424934 0.821677 0.422619 0.814732 0.420966 0.806052 0.417328 0.790675 0.413029 0.784226 0.410384 0.776290 0.408730 0.770585 0.408730 0.768601 0.408069 0.760169 0.408399 0.751984 0.411706 0.743552 0.411706 0.740575 0.412698 0.730655 0.412368 0.728423 0.411706 0.723462 0.412037 0.715774 0.409392 0.712550 0.406746 0.709573 0.402116 0.705605 0.399471 0.696925 0.397156 0.688988 0.398479 0.684772 0.404101 0.673859 0.408399 0.667907 0.418320 0.664683 0.421958 0.663938 0.423942 0.664683 0.435185 0.667907 0.446759 0.667907 0.452050 0.669147 0.460317 0.669147 0.464947 0.667907 0.472884 0.667659 0.479167 0.666915 0.481812 0.667659 0.493386 0.666667 0.497354 0.668155 0.508598 0.667907 0.513558 0.669395 0.517526 0.669643 0.530093 0.670139 0.532407 0.669643 0.550926 0.666915 0.564815 0.666915 0.568783 0.668155 0.572751 0.668403 0.576389 0.670635 0.579696 0.672371 0.583995 0.673859 0.585317 0.681548 0.587632 0.685020 0.587963 0.688740 0.590278 0.693452 0.590939 0.697421 0.592593 0.701389 0.592923 0.704117 0.594577 0.709573 0.603505 0.710069 0.607474 0.711806 0.611442 0.712054 0.614749 0.713294 0.619378 0.713542 0.624339 0.712302 0.629960 0.707837 0.636905 0.705853 0.638228 0.700645 0.645172 0.696429 0.646164 0.692956 0.643849 0.689236 0.643849 0.685516 0.641865 0.681300 0.642526 0.677331 0.646825 0.673859 0.648148 0.672867 0.649471 0.671379 0.654101 0.670139 0.655423 0.665675 0.656746 0.650298 0.658730 0.646577 0.662037 0.642113 0.663360 0.640377 0.665675 0.638641 0.670635 0.634921 0.671627 0.630704 0.674272 0.627728 0.677249 0.623264 0.679563 0.618304 0.680886 0.615575 0.686839 0.615079 0.689153 0.615327 0.700728 0.617560 0.705357 0.618552 0.715939 0.621280 0.721230 0.621528 0.724206 0.623264 0.728175 0.626240 0.741071 0.627728 0.743386 0.629960 0.750331 0.632192 0.753968 0.634425 0.762235 0.637897 0.767196 0.641865 0.777116 0.645833 0.782077 0.648313 0.783730 0.650050 0.787368 0.653026 0.788690 0.657986 0.795635 0.661954 0.798611 0.665179 0.799603 0.669643 0.799934 0.675843 0.801587 0.682788 0.801257 0.693204 0.798280 0.697917 0.795635 0.701637 0.792328 0.704365 0.787698 0.708829 0.772487 0.709573 0.767857 0.711558 0.763558 0.714038 0.752976 0.717510 0.747024 0.719246 0.736442 0.722470 0.726190 0.728671 0.717262 0.731399 0.709987 0.735615 0.702712 0.739583 0.685847 0.745288 0.674934 0.746776 0.672950 0.749752 0.671296 0.750992 0.669643 0.751736 0.665675 0.758929 0.654762 0.762401 0.642857 0.765873 0.638228 0.766121 0.634590 0.768601 0.628638 0.769593 0.624669 0.773065 0.620370 0.774802 0.614749 0.776290 0.600860 0.776290 0.595899 0.774802 0.590608 0.774554 0.583995 0.778522 0.580026 0.782490 0.578704 0.788690 0.573743 0.795635 0.567130 0.800099 0.561177 0.801587 0.557209 0.804812 0.553241 0.806052 0.547619 0.814236 0.529101 0.814484 0.525132 0.815724 0.523810 0.817708 0.518519 0.820437 0.514550 0.821429 0.509921 0.823413 0.506283 0.824653 0.501653 0.827629 0.498016 0.828373 0.493717 0.835317 0.484127 0.838046 0.477844 0.843502 0.474868 0.847966 0.469246 0.850694 0.466931 0.852431 0.460979 0.852679 0.456349 0.850446 0.439153 0.849454 0.435516
