0 0.436153 0.325547 0.611940 0.325547 0.611940 0.645255 0.436153 0.645255
4 0.009950 0.735766 0.961857 0.735766 0.961857 0.962044 0.009950 0.962044
5 0.684909 0.112409 0.847430 0.112409 0.847430 0.211679 0.684909 0.211679
0 0.343284 0.344526 0.467662 0.344526 0.467662 0.610219 0.343284 0.610219
0 0.545605 0.359124 0.693201 0.359124 0.693201 0.629197 0.545605 0.629197
0 0.529022 0.313869 0.776119 0.313869 0.776119 0.611679 0.529022 0.611679
0 0.149254 0.343066 0.474295 0.343066 0.474295 0.627737 0.149254 0.627737
0 0.447761 0.332847 0.439469 0.340146 0.436153 0.353285 0.441128 0.397080 0.456053 0.445255 0.461028 0.491971 0.475954 0.525547 0.479270 0.554745 0.489221 0.576642 0.515755 0.608759 0.530680 0.620438 0.542289 0.624818 0.572139 0.626277 0.577114 0.630657 0.573798 0.635036 0.580431 0.645255 0.587065 0.640876 0.605307 0.639416 0.611940 0.627737 0.601990 0.597080 0.601990 0.556204 0.547264 0.407299 0.540630 0.367883 0.532338 0.354745 0.532338 0.340146 0.517413 0.328467 0.499171 0.325547
4 0.009950 0.846715 0.009950 0.867153 0.016584 0.897810 0.049751 0.931387 0.089552 0.951825 0.147595 0.962044 0.192371 0.962044 0.247098 0.954745 0.303483 0.937226 0.346600 0.919708 0.396352 0.906569 0.495854 0.887591 0.572139 0.881752 0.789386 0.893431 0.850746 0.908029 0.875622 0.921168 0.887231 0.922628 0.910448 0.934307 0.936982 0.941606 0.953566 0.943066 0.961857 0.937226 0.961857 0.924088 0.941957 0.867153 0.938640 0.814599 0.927032 0.804380 0.907131 0.804380 0.875622 0.811679 0.824212 0.832117 0.779436 0.842336 0.724710 0.843796 0.558872 0.836496 0.499171 0.826277 0.462687 0.824818 0.393035 0.810219 0.295191 0.779562 0.252073 0.762044 0.215589 0.740146 0.172471 0.735766 0.124378 0.743066 0.071310 0.764964 0.048093 0.781022 0.031509 0.798540 0.016584 0.821898
5 0.688226 0.138686 0.684909 0.144526 0.688226 0.154745 0.741294 0.181022 0.792703 0.211679 0.804312 0.210219 0.822554 0.201460 0.840796 0.185401 0.847430 0.170803 0.847430 0.156204 0.840796 0.140146 0.825871 0.127007 0.784411 0.112409 0.731343 0.113869 0.704809 0.124088
0 0.373134 0.344526 0.366501 0.347445 0.361526 0.360584 0.353234 0.366423 0.343284 0.382482 0.343284 0.401460 0.366501 0.515328 0.369818 0.602920 0.373134 0.608759 0.383085 0.610219 0.389718 0.607299 0.399668 0.591241 0.411277 0.581022 0.421227 0.579562 0.436153 0.564964 0.439469 0.576642 0.436153 0.579562 0.437811 0.589781 0.454395 0.588321 0.459370 0.582482 0.462687 0.583942 0.461028 0.581022 0.466003 0.578102 0.466003 0.573723 0.461028 0.572263 0.464345 0.569343 0.461028 0.564964 0.467662 0.564964 0.467662 0.540146 0.462687 0.505109 0.454395 0.491971 0.452736 0.446715 0.447761 0.436496 0.442786 0.435036 0.436153 0.385401 0.421227 0.364964 0.402985 0.348905 0.389718 0.344526
0 0.548922 0.359124 0.545605 0.366423 0.548922 0.408759 0.597015 0.540146 0.603648 0.566423 0.603648 0.594161 0.608624 0.608759 0.616915 0.621898 0.631841 0.629197 0.681592 0.629197 0.693201 0.618978 0.693201 0.604380 0.683250 0.537226 0.684909 0.528467 0.678275 0.512409 0.641791 0.449635 0.621891 0.427737 0.580431 0.392701 0.565506 0.369343
0 0.529022 0.328467 0.530680 0.341606 0.545605 0.353285 0.548922 0.372263 0.562189 0.376642 0.577114 0.397080 0.643449 0.454015 0.665008 0.489051 0.669983 0.503650 0.683250 0.521168 0.691542 0.525547 0.723051 0.557664 0.734660 0.583942 0.736318 0.605839 0.739635 0.611679 0.747927 0.611679 0.756219 0.604380 0.752902 0.600000 0.764511 0.589781 0.766169 0.564964 0.774461 0.545985 0.776119 0.502190 0.766169 0.456934 0.739635 0.405839 0.688226 0.350365 0.669983 0.334307 0.638474 0.315328 0.603648 0.313869
0 0.404643 0.348905 0.394693 0.344526 0.378109 0.343066 0.311774 0.347445 0.281924 0.353285 0.255390 0.363504 0.235489 0.364964 0.232172 0.369343 0.227197 0.367883 0.197347 0.385401 0.195688 0.407299 0.199005 0.417518 0.184080 0.440876 0.175788 0.480292 0.164179 0.500730 0.150912 0.512409 0.149254 0.527007 0.167496 0.567883 0.189055 0.589781 0.220564 0.611679 0.235489 0.616058 0.255390 0.616058 0.266998 0.621898 0.288557 0.626277 0.328358 0.620438 0.359867 0.627737 0.407960 0.626277 0.409619 0.621898 0.398010 0.601460 0.399668 0.591241 0.406302 0.585401 0.416252 0.583942 0.432836 0.591241 0.449420 0.591241 0.456053 0.586861 0.469320 0.585401 0.474295 0.581022 0.472637 0.548905 0.454395 0.474453 0.452736 0.442336 0.444444 0.423358 0.437811 0.386861 0.426202 0.367883
