7 0.719494 0.365410 0.996032 0.365410 0.996032 0.726852 0.719494 0.726852
4 0.446429 0.208664 0.586310 0.208664 0.586310 0.942460 0.446429 0.942460
1 0.068700 0.501984 0.190228 0.501984 0.190228 0.710648 0.068700 0.710648
0 0.148810 0.561177 0.226438 0.561177 0.226438 0.651786 0.148810 0.651786
0 0.125248 0.487434 0.225694 0.487434 0.225694 0.593915 0.125248 0.593915
0 0.303075 0.590939 0.453125 0.590939 0.453125 0.672288 0.303075 0.672288
0 0.338046 0.509921 0.453869 0.509921 0.453869 0.582341 0.338046 0.582341
0 0.304315 0.458995 0.452877 0.458995 0.452877 0.515212 0.304315 0.515212
0 0.282242 0.296958 0.418403 0.296958 0.418403 0.429894 0.282242 0.429894
5 0.198909 0.297950 0.342758 0.297950 0.342758 0.640212 0.198909 0.640212
5 0.417163 0.540013 0.504712 0.540013 0.504712 0.788360 0.417163 0.788360
7 0.860367 0.365410 0.858135 0.366733 0.855407 0.366733 0.854415 0.365741 0.853175 0.365741 0.852927 0.368386 0.848462 0.368056 0.846230 0.367063 0.841518 0.367063 0.838046 0.368056 0.826141 0.369048 0.823165 0.371362 0.816716 0.373347 0.812996 0.375992 0.806300 0.377315 0.804315 0.379299 0.798859 0.381283 0.796875 0.383267 0.793651 0.384259 0.791419 0.385913 0.787946 0.390212 0.782738 0.392857 0.781250 0.395503 0.774554 0.400463 0.770337 0.406415 0.767857 0.407738 0.765625 0.411045 0.763641 0.412037 0.761905 0.414683 0.760169 0.415675 0.757937 0.420635 0.756696 0.422288 0.755208 0.422950 0.752232 0.427249 0.751736 0.429894 0.749256 0.435185 0.747024 0.438161 0.744544 0.439815 0.742560 0.446429 0.740575 0.449074 0.739087 0.453373 0.736607 0.457341 0.736359 0.459656 0.737103 0.462632 0.735367 0.467923 0.732639 0.470899 0.732639 0.474537 0.728919 0.478836 0.727927 0.481151 0.725694 0.490741 0.723958 0.495040 0.722222 0.505291 0.721230 0.507275 0.719990 0.520503 0.720486 0.525132 0.719742 0.528439 0.719494 0.553241 0.720238 0.556217 0.719990 0.563161 0.721230 0.578704 0.723462 0.584325 0.723958 0.592593 0.725942 0.596561 0.726438 0.600198 0.727927 0.603505 0.727927 0.607143 0.728671 0.609788 0.731647 0.614418 0.731895 0.619378 0.732887 0.620701 0.734871 0.621693 0.736855 0.628968 0.738839 0.630622 0.739335 0.635582 0.740575 0.638889 0.742808 0.641534 0.744544 0.646495 0.746280 0.647487 0.747024 0.651124 0.755456 0.661706 0.755208 0.665675 0.755704 0.666667 0.757192 0.667328 0.759177 0.670635 0.761161 0.671627 0.763889 0.675595 0.766617 0.675595 0.767857 0.674272 0.767857 0.681217 0.771081 0.685185 0.773810 0.686508 0.778770 0.693122 0.781994 0.694444 0.783482 0.696759 0.791915 0.702712 0.794395 0.705688 0.797371 0.707011 0.799107 0.708995 0.804563 0.712632 0.813244 0.716931 0.818452 0.718254 0.823909 0.721230 0.832093 0.722553 0.837798 0.725198 0.852431 0.726190 0.857391 0.725860 0.862103 0.726852 0.864831 0.725860 0.877728 0.725860 0.884673 0.724537 0.888145 0.722884 0.892609 0.722884 0.897817 0.721230 0.902530 0.718254 0.908482 0.716601 0.915179 0.712963 0.918651 0.709987 0.927579 0.705026 0.929315 0.702712 0.931796 0.701389 0.937500 0.695437 0.940724 0.693783 0.943700 0.691138 0.946181 0.687169 0.948165 0.686177 0.950645 0.683532 0.956597 0.674603 0.958581 0.673611 0.962550 0.668651 0.964534 0.664683 0.967262 0.661706 0.968502 0.655754 0.971726 0.649471 0.975198 0.646495 0.976190 0.641534 0.978175 0.638558 0.979663 0.632937 0.981895 0.630291 0.982639 0.626984 0.982639 0.622685 0.983631 0.615079 0.984871 0.610780 0.985119 0.607474 0.984375 0.604167 0.984623 0.603175 0.986607 0.601190 0.989831 0.602844 0.990823 0.599868 0.991071 0.592593 0.990575 0.587632 0.992312 0.583664 0.992312 0.580026 0.995040 0.576720 0.994544 0.573082 0.995040 0.567130 0.994544 0.564484 0.996032 0.560516 0.995536 0.557870 0.996032 0.552249 0.995288 0.549272 0.995784 0.546958 0.995288 0.541005 0.996032 0.536045 0.995288 0.533399 0.995784 0.528770 0.994792 0.525794 0.995288 0.523479 0.994792 0.517526 0.993800 0.514550 0.991815 0.513228 0.990327 0.509921 0.990079 0.506283 0.990823 0.504630 0.990575 0.498347 0.989831 0.496693 0.986607 0.498016 0.984127 0.494378 0.984375 0.489749 0.983383 0.485450 0.982887 0.479828 0.983135 0.474206 0.982143 0.466601 0.979167 0.464947 0.974950 0.464616 0.971230 0.468585 0.969742 0.464947 0.969742 0.460979 0.971230 0.458995 0.974702 0.461310 0.978423 0.460979 0.979167 0.459987 0.979167 0.458333 0.976438 0.456019 0.975198 0.450397 0.974206 0.448743 0.970982 0.449735 0.968998 0.447751 0.968998 0.446429 0.970238 0.443783 0.968006 0.440146 0.967510 0.435847 0.966518 0.432870 0.963542 0.430556 0.963294 0.427910 0.959325 0.422619 0.957341 0.421627 0.955853 0.419312 0.952877 0.416667 0.950645 0.411376 0.945437 0.407077 0.942956 0.403439 0.940724 0.402778 0.937748 0.400463 0.935268 0.395833 0.925843 0.390212 0.923859 0.387897 0.922371 0.387235 0.920387 0.384259 0.911954 0.380291 0.908234 0.377315 0.904018 0.375992 0.901538 0.375992 0.896577 0.373347 0.890873 0.372024 0.888393 0.370701 0.884673 0.371362 0.880952 0.368717 0.878224 0.368717 0.869792 0.366733 0.865575 0.367725 0.862103 0.365410
4 0.485863 0.208664 0.484623 0.212963 0.486111 0.224206 0.489831 0.237765 0.490575 0.244709 0.490327 0.248677 0.492063 0.251984 0.492063 0.252976 0.490575 0.254960 0.485863 0.249008 0.485615 0.244709 0.479663 0.232474 0.478671 0.228505 0.474454 0.218254 0.471726 0.219577 0.470238 0.223214 0.469742 0.233135 0.471726 0.239749 0.470734 0.241733 0.467510 0.239418 0.464782 0.235450 0.459325 0.231812 0.455109 0.231151 0.450893 0.226521 0.446925 0.227183 0.446429 0.230489 0.447173 0.233135 0.450397 0.236442 0.453125 0.247685 0.455357 0.250000 0.459573 0.251984 0.461062 0.256614 0.464038 0.260251 0.464782 0.262897 0.467758 0.266204 0.468502 0.268849 0.468998 0.279101 0.469990 0.283730 0.469990 0.290344 0.470982 0.295304 0.477183 0.299603 0.477927 0.302579 0.480655 0.305225 0.481895 0.309854 0.484375 0.314484 0.484375 0.326389 0.479415 0.330688 0.477927 0.335979 0.478175 0.340939 0.480407 0.345238 0.481399 0.350198 0.482887 0.353175 0.483383 0.358466 0.481895 0.362765 0.479167 0.365741 0.478919 0.370040 0.480159 0.372685 0.482887 0.374008 0.484623 0.376323 0.486607 0.389220 0.488343 0.392526 0.490823 0.399802 0.490823 0.401786 0.490079 0.403770 0.490575 0.410384 0.489831 0.418981 0.489087 0.422288 0.486607 0.424272 0.486607 0.427910 0.485615 0.431217 0.485615 0.435516 0.488839 0.450066 0.489087 0.464616 0.490327 0.472884 0.490327 0.480489 0.491567 0.494378 0.491567 0.512897 0.492560 0.518519 0.492808 0.530423 0.493800 0.536376 0.494048 0.549603 0.495040 0.552910 0.495288 0.564484 0.496776 0.575066 0.496528 0.580688 0.498264 0.590939 0.497768 0.596561 0.500000 0.605489 0.500000 0.612434 0.502480 0.638558 0.501984 0.643519 0.504960 0.669312 0.505704 0.683862 0.506944 0.692130 0.507192 0.703042 0.507937 0.708003 0.507688 0.713955 0.509177 0.723876 0.508929 0.730489 0.510417 0.740410 0.510169 0.745370 0.511657 0.752315 0.511657 0.760582 0.513145 0.772156 0.513145 0.776124 0.513889 0.778770 0.513393 0.784392 0.514137 0.786706 0.514633 0.799934 0.515377 0.803241 0.515377 0.815476 0.516369 0.825728 0.515873 0.830357 0.516369 0.832341 0.516865 0.846561 0.518105 0.856812 0.517857 0.862434 0.521081 0.890873 0.523562 0.901786 0.526538 0.911706 0.528026 0.921627 0.531002 0.931548 0.532490 0.935185 0.536954 0.940146 0.541419 0.942460 0.545139 0.942130 0.550347 0.936508 0.551587 0.931548 0.553571 0.927910 0.553819 0.924603 0.555308 0.920304 0.555556 0.916005 0.556796 0.911706 0.557540 0.904101 0.560020 0.894511 0.561260 0.892857 0.568204 0.892526 0.572669 0.888889 0.578125 0.881614 0.582589 0.868717 0.584821 0.865079 0.585069 0.861442 0.586310 0.857143 0.586310 0.848545 0.584325 0.833995 0.581597 0.825397 0.580853 0.820106 0.577629 0.806878 0.575893 0.794974 0.573661 0.787368 0.573165 0.782738 0.571429 0.776455 0.569444 0.764881 0.566964 0.756283 0.562500 0.736111 0.562252 0.732143 0.557292 0.708995 0.556796 0.702712 0.553571 0.684524 0.550843 0.674934 0.549603 0.666005 0.547371 0.658399 0.546875 0.654101 0.543899 0.642526 0.543155 0.633267 0.539683 0.622685 0.538690 0.613757 0.537202 0.606481 0.537202 0.603505 0.535962 0.599868 0.535714 0.596230 0.533234 0.591601 0.530506 0.576058 0.528026 0.568122 0.527034 0.562831 0.525546 0.560185 0.525546 0.557209 0.523810 0.548611 0.522321 0.544643 0.519593 0.528439 0.516617 0.520833 0.515625 0.512235 0.513145 0.502976 0.512897 0.495040 0.511161 0.490079 0.511161 0.486111 0.509177 0.482143 0.508433 0.470569 0.507192 0.467262 0.507688 0.455026 0.509425 0.451389 0.509673 0.447421 0.511409 0.442130 0.511657 0.439153 0.515873 0.427249 0.516369 0.423611 0.518353 0.420304 0.519345 0.416336 0.522321 0.412698 0.523065 0.407738 0.526290 0.404101 0.527034 0.399802 0.528770 0.395503 0.529762 0.389881 0.530754 0.377646 0.531994 0.372685 0.532490 0.366733 0.531994 0.356481 0.532242 0.347884 0.530506 0.330688 0.529266 0.326389 0.529018 0.321759 0.527282 0.318783 0.525050 0.311839 0.523065 0.307870 0.522073 0.299934 0.521081 0.297950 0.519593 0.297288 0.517857 0.294974 0.516865 0.290344 0.514385 0.283730 0.513393 0.278108 0.509921 0.273810 0.507440 0.267196 0.503968 0.264220 0.500744 0.258598 0.499256 0.249339 0.499256 0.243386 0.498264 0.236442 0.495536 0.231481 0.494792 0.227844 0.492063 0.220899 0.490575 0.213624 0.486855 0.208664
1 0.102927 0.506944 0.100446 0.508929 0.097718 0.514220 0.094990 0.516534 0.094246 0.522156 0.095982 0.528770 0.098958 0.532077 0.100446 0.537037 0.103423 0.541667 0.103919 0.544312 0.109375 0.550595 0.109623 0.552579 0.106399 0.559854 0.102679 0.561177 0.098958 0.563823 0.097718 0.567460 0.097470 0.570767 0.096230 0.575397 0.087798 0.587632 0.086310 0.591931 0.083085 0.598214 0.078373 0.610780 0.077629 0.621032 0.078869 0.631283 0.075397 0.636243 0.072173 0.637897 0.068700 0.642196 0.071429 0.654762 0.075645 0.658069 0.083581 0.666667 0.085069 0.670635 0.085317 0.674934 0.086806 0.678571 0.091270 0.682209 0.095238 0.682870 0.099702 0.685847 0.101438 0.688492 0.103423 0.694775 0.108383 0.700397 0.110367 0.704365 0.118304 0.709656 0.123512 0.710648 0.126488 0.708995 0.128472 0.706019 0.131200 0.704696 0.132937 0.702050 0.135169 0.692130 0.138393 0.688492 0.143105 0.689153 0.150050 0.693783 0.154266 0.693452 0.157986 0.690476 0.162450 0.691138 0.168651 0.696429 0.170635 0.699074 0.174355 0.706349 0.176835 0.708664 0.179315 0.708333 0.182044 0.706349 0.185020 0.702381 0.189484 0.698413 0.190228 0.696429 0.187004 0.690146 0.184276 0.687831 0.181300 0.686508 0.178323 0.680556 0.175099 0.679894 0.173859 0.678902 0.173115 0.677249 0.172371 0.665675 0.170635 0.657077 0.166667 0.654431 0.165427 0.650132 0.160218 0.645833 0.159722 0.642526 0.155506 0.631283 0.154514 0.626323 0.152282 0.624339 0.151042 0.622024 0.150794 0.619048 0.148810 0.610780 0.147569 0.607804 0.146577 0.602183 0.145089 0.598545 0.142113 0.594907 0.138641 0.584656 0.134425 0.575728 0.132937 0.564484 0.130456 0.556878 0.128720 0.554563 0.128472 0.552579 0.125744 0.546296 0.124752 0.536045 0.124008 0.533399 0.122768 0.532077 0.121776 0.532077 0.117063 0.534722 0.114583 0.535053 0.111855 0.533399 0.110119 0.530423 0.109871 0.524471 0.110615 0.521495 0.110615 0.518188 0.111855 0.516534 0.115575 0.515873 0.117560 0.514220 0.119048 0.509590 0.119048 0.505291 0.116071 0.502315 0.111607 0.501984 0.107391 0.505622
0 0.224702 0.567130 0.219990 0.566468 0.218254 0.567460 0.217510 0.569114 0.218502 0.572421 0.217510 0.575066 0.216518 0.575728 0.215030 0.572090 0.215774 0.569114 0.215030 0.567791 0.208829 0.564153 0.205605 0.561177 0.201637 0.561177 0.200893 0.563492 0.197421 0.567460 0.196429 0.570106 0.194196 0.573413 0.189236 0.575066 0.186508 0.578704 0.181548 0.579365 0.176587 0.582011 0.169395 0.583995 0.164683 0.587632 0.157490 0.590278 0.154762 0.593254 0.149802 0.596561 0.148810 0.599537 0.148810 0.604828 0.150546 0.612434 0.154018 0.622685 0.156250 0.626323 0.158482 0.634921 0.160218 0.638558 0.163442 0.642196 0.166419 0.647817 0.173859 0.651786 0.184276 0.642857 0.183284 0.634590 0.181548 0.630952 0.181796 0.627976 0.183284 0.625661 0.187004 0.623347 0.190476 0.619378 0.192460 0.618056 0.198165 0.616071 0.205357 0.610780 0.210317 0.608796 0.214286 0.603505 0.218750 0.600529 0.219742 0.599206 0.219990 0.596892 0.220982 0.594907 0.224454 0.594577 0.225198 0.593585 0.225446 0.587302 0.226438 0.584656 0.226438 0.580357 0.225198 0.573743 0.225446 0.568783
0 0.224206 0.541336 0.222470 0.539352 0.221726 0.536045 0.218998 0.533399 0.217262 0.532407 0.208581 0.532738 0.207093 0.532077 0.204861 0.528770 0.200893 0.526455 0.196429 0.522156 0.194692 0.518849 0.193700 0.514220 0.187996 0.508598 0.186260 0.502646 0.183780 0.497685 0.179563 0.493056 0.177827 0.489418 0.174851 0.487434 0.170387 0.488426 0.165923 0.492063 0.161706 0.494378 0.149554 0.497354 0.147073 0.501653 0.145833 0.501653 0.142361 0.499339 0.137897 0.500331 0.135169 0.502315 0.132192 0.506614 0.127232 0.509590 0.125248 0.513228 0.125248 0.523479 0.125744 0.529101 0.126984 0.533069 0.126984 0.537037 0.128720 0.541336 0.129960 0.548280 0.132688 0.554563 0.133433 0.561177 0.136409 0.566468 0.137897 0.573413 0.140377 0.578704 0.141617 0.585648 0.146081 0.592593 0.148065 0.593585 0.151290 0.593915 0.154018 0.592923 0.157986 0.588955 0.162202 0.587302 0.165675 0.582672 0.168899 0.581019 0.176339 0.580688 0.185268 0.577381 0.189236 0.574074 0.193948 0.572090 0.199157 0.566468 0.203125 0.564153 0.205853 0.563823 0.212054 0.566138 0.216518 0.564484 0.218998 0.560185 0.219742 0.557540 0.222470 0.554233 0.225694 0.548611 0.225446 0.546296 0.224206 0.544312
0 0.453125 0.595899 0.451389 0.592593 0.447917 0.590939 0.446925 0.590939 0.443700 0.593254 0.430804 0.593254 0.427827 0.594246 0.408482 0.594907 0.403770 0.597553 0.399802 0.598545 0.396825 0.601521 0.392609 0.603505 0.388145 0.606812 0.384177 0.606151 0.380456 0.607804 0.377728 0.607143 0.374752 0.607474 0.370288 0.609458 0.367808 0.612103 0.365575 0.613095 0.353175 0.616071 0.350198 0.617394 0.347718 0.617394 0.343502 0.614749 0.341022 0.614418 0.337798 0.616071 0.333085 0.623016 0.326637 0.624669 0.313988 0.624008 0.308780 0.626323 0.308284 0.627315 0.307788 0.634590 0.306052 0.638228 0.303075 0.642196 0.303075 0.643519 0.308284 0.654431 0.313492 0.658730 0.316964 0.663029 0.320188 0.668981 0.322917 0.671627 0.326637 0.672288 0.349950 0.671958 0.358135 0.670966 0.361855 0.669312 0.365575 0.668651 0.369792 0.666336 0.382192 0.662037 0.385665 0.658399 0.391369 0.655754 0.393353 0.653108 0.400298 0.649471 0.403522 0.649471 0.405506 0.648479 0.406994 0.646825 0.407490 0.645172 0.407490 0.637897 0.408234 0.635582 0.410714 0.633267 0.412202 0.629960 0.415427 0.627315 0.419643 0.627315 0.420635 0.625661 0.420883 0.623677 0.424107 0.618717 0.426091 0.617725 0.426339 0.615741 0.427331 0.614087 0.429067 0.615079 0.429315 0.616733 0.428571 0.618717 0.430804 0.621362 0.431796 0.625992 0.433780 0.630291 0.435020 0.631283 0.435516 0.627646 0.436508 0.625331 0.440476 0.623016 0.442956 0.620370 0.446181 0.615741 0.447421 0.612103 0.451141 0.608135 0.452877 0.600198
0 0.453869 0.515212 0.452133 0.512897 0.451637 0.509921 0.449653 0.509921 0.444196 0.512235 0.439732 0.512897 0.435764 0.515542 0.423115 0.515212 0.419643 0.516204 0.391369 0.516204 0.383433 0.518519 0.379712 0.521164 0.377232 0.521825 0.375992 0.524802 0.375000 0.529762 0.373016 0.531746 0.370536 0.531085 0.360615 0.531085 0.354167 0.533730 0.349950 0.533069 0.345238 0.534722 0.342758 0.538029 0.341766 0.541997 0.342262 0.569114 0.341270 0.572090 0.338046 0.576058 0.338542 0.577050 0.341518 0.578373 0.343254 0.580688 0.345734 0.582341 0.364831 0.582011 0.369792 0.580357 0.372768 0.580357 0.376240 0.578704 0.389137 0.576389 0.392361 0.575066 0.408482 0.574405 0.415427 0.571759 0.419643 0.571098 0.428571 0.566468 0.431300 0.563492 0.436260 0.559854 0.438244 0.555225 0.439980 0.552910 0.441220 0.548611 0.446925 0.534722 0.451141 0.528770 0.453869 0.520503
0 0.452877 0.473214 0.452133 0.466931 0.450645 0.462632 0.449157 0.460317 0.446677 0.458995 0.439484 0.460648 0.434772 0.464947 0.431796 0.465608 0.428075 0.467923 0.423859 0.467923 0.420387 0.469246 0.407738 0.469907 0.404762 0.470899 0.399306 0.470899 0.385169 0.475529 0.368304 0.474206 0.364831 0.476190 0.362847 0.475529 0.360367 0.472884 0.357887 0.471561 0.350694 0.470238 0.341518 0.470899 0.320437 0.470569 0.314236 0.471561 0.310268 0.474206 0.306796 0.474206 0.305804 0.475198 0.304315 0.479167 0.305308 0.483135 0.309772 0.484788 0.311012 0.486442 0.312252 0.492063 0.312748 0.498347 0.313740 0.500331 0.319196 0.503968 0.321677 0.506614 0.326637 0.506614 0.333829 0.511905 0.338790 0.512897 0.341518 0.511243 0.345238 0.510251 0.348710 0.512235 0.353671 0.512235 0.358135 0.510913 0.360863 0.509259 0.365823 0.509590 0.370040 0.508598 0.373760 0.509590 0.376736 0.511905 0.386657 0.514220 0.393849 0.515212 0.412202 0.515212 0.419643 0.513228 0.428323 0.513558 0.436260 0.511574 0.440228 0.507937 0.445685 0.500331 0.451389 0.489749 0.452877 0.482143
0 0.418403 0.339286 0.417411 0.335979 0.412698 0.328042 0.408482 0.325397 0.407738 0.322751 0.409474 0.319444 0.409970 0.313823 0.408482 0.310847 0.407738 0.306878 0.405754 0.301257 0.403770 0.298280 0.399554 0.296958 0.392609 0.298280 0.388393 0.303571 0.380952 0.308532 0.376240 0.309854 0.373512 0.313161 0.369048 0.314815 0.367312 0.317791 0.366319 0.322751 0.364087 0.325728 0.357639 0.328373 0.345486 0.329696 0.340030 0.331019 0.329365 0.331349 0.324653 0.335317 0.321181 0.337302 0.319692 0.341270 0.317460 0.344246 0.311012 0.350529 0.307044 0.350529 0.298363 0.347884 0.294891 0.345569 0.287946 0.344246 0.283234 0.345238 0.282490 0.346230 0.282242 0.349868 0.285218 0.353836 0.288442 0.361111 0.289187 0.365741 0.290675 0.368386 0.301587 0.375661 0.312252 0.385913 0.318948 0.389881 0.321429 0.392857 0.322917 0.397487 0.323413 0.405423 0.326885 0.416997 0.328621 0.419643 0.338046 0.422950 0.345486 0.429233 0.355407 0.429894 0.357887 0.429563 0.362847 0.426918 0.370536 0.426587 0.373760 0.427249 0.376488 0.422950 0.378720 0.422619 0.380456 0.423280 0.385913 0.415675 0.390129 0.413029 0.392857 0.408399 0.396577 0.406415 0.400794 0.399802 0.406250 0.396825 0.408730 0.394180 0.412202 0.393188 0.412202 0.391865 0.410466 0.388228 0.409722 0.384590 0.405506 0.372685 0.408234 0.370701 0.412450 0.365741 0.413938 0.360450 0.414931 0.353175 0.417907 0.345569
5 0.315724 0.297950 0.310516 0.298280 0.306052 0.301257 0.305308 0.302579 0.305308 0.304563 0.307540 0.305886 0.308284 0.307209 0.307044 0.308862 0.305060 0.308201 0.303571 0.306217 0.302083 0.306217 0.299603 0.307540 0.294643 0.306217 0.289931 0.309524 0.289187 0.312831 0.288194 0.313823 0.275050 0.316468 0.273313 0.317791 0.272073 0.320106 0.266617 0.319444 0.253968 0.322090 0.244792 0.328042 0.242063 0.331349 0.240575 0.334987 0.231151 0.334987 0.228175 0.336640 0.223958 0.337302 0.219742 0.341270 0.218998 0.343915 0.217262 0.345899 0.216518 0.350860 0.216766 0.353836 0.220486 0.361772 0.220238 0.365079 0.220982 0.366071 0.223462 0.367063 0.224950 0.369378 0.226190 0.369709 0.226935 0.372685 0.227927 0.374008 0.230903 0.374669 0.232887 0.375992 0.236359 0.376323 0.236855 0.377315 0.235119 0.379299 0.235367 0.381614 0.237847 0.382606 0.239831 0.386574 0.241319 0.387235 0.242312 0.389220 0.246032 0.391865 0.246032 0.392857 0.243800 0.395833 0.243800 0.396825 0.245784 0.399471 0.245784 0.400794 0.243304 0.404431 0.245536 0.407738 0.245536 0.408730 0.242560 0.411376 0.242312 0.415344 0.240079 0.416336 0.239335 0.419643 0.236607 0.424272 0.233383 0.425595 0.232391 0.427579 0.229663 0.429563 0.228671 0.432209 0.225942 0.433201 0.225198 0.435847 0.221478 0.440476 0.218502 0.441468 0.217510 0.443783 0.215278 0.445106 0.214534 0.447421 0.211558 0.450728 0.210565 0.456019 0.211310 0.460979 0.212550 0.462632 0.210565 0.463624 0.210069 0.467262 0.209325 0.468254 0.206597 0.469246 0.203125 0.472553 0.203125 0.475198 0.206101 0.477844 0.206101 0.479167 0.204117 0.482143 0.204861 0.486442 0.203869 0.489087 0.204117 0.493717 0.202629 0.500331 0.201141 0.502315 0.201885 0.506283 0.199901 0.507937 0.198909 0.512897 0.199405 0.519511 0.202877 0.525132 0.204117 0.530093 0.227927 0.532077 0.229415 0.532738 0.230655 0.535384 0.233383 0.536376 0.234127 0.537368 0.232391 0.540013 0.232887 0.544974 0.230407 0.546627 0.227431 0.551587 0.227183 0.560847 0.229911 0.564484 0.230655 0.567460 0.232143 0.569114 0.234375 0.577712 0.236855 0.580688 0.237103 0.583664 0.239831 0.585317 0.240327 0.587632 0.242063 0.589616 0.243552 0.593254 0.247520 0.595569 0.249008 0.595569 0.252480 0.593585 0.254464 0.590278 0.257192 0.589616 0.258185 0.590608 0.258681 0.592923 0.261657 0.595899 0.261161 0.597553 0.258929 0.598545 0.259177 0.600198 0.261657 0.600198 0.263145 0.599206 0.265377 0.602183 0.269841 0.602183 0.271825 0.599868 0.273313 0.601521 0.276290 0.601521 0.278770 0.598545 0.279762 0.598545 0.281994 0.601521 0.284226 0.602183 0.284970 0.603175 0.281994 0.606812 0.281498 0.614749 0.282738 0.617725 0.284226 0.618386 0.285714 0.621032 0.288194 0.622685 0.288442 0.624669 0.287698 0.625992 0.286458 0.626323 0.286458 0.627315 0.288442 0.628638 0.288690 0.632937 0.289435 0.635251 0.289187 0.638228 0.290179 0.639881 0.291419 0.640212 0.292907 0.639550 0.294395 0.636905 0.295139 0.636905 0.297123 0.639550 0.299355 0.639881 0.303571 0.636243 0.304812 0.633267 0.306300 0.631614 0.306300 0.629960 0.304563 0.627646 0.304315 0.623677 0.308036 0.621032 0.312500 0.620370 0.314980 0.618386 0.320188 0.620370 0.321677 0.622685 0.323413 0.622685 0.329365 0.620040 0.332093 0.616071 0.332093 0.614418 0.329117 0.611442 0.329117 0.610450 0.331349 0.608135 0.331349 0.606481 0.327629 0.605489 0.326637 0.603836 0.321925 0.604828 0.320685 0.609127 0.319444 0.610450 0.314732 0.611111 0.311012 0.610780 0.309028 0.609127 0.308780 0.607143 0.309772 0.603505 0.310020 0.599868 0.311756 0.596230 0.311756 0.587302 0.309028 0.580688 0.302083 0.576720 0.301835 0.575397 0.302579 0.572421 0.301587 0.569775 0.301587 0.568122 0.303075 0.564815 0.302331 0.560516 0.303571 0.556217 0.302579 0.552249 0.303075 0.551587 0.306300 0.551587 0.307788 0.549934 0.311260 0.549272 0.313740 0.547950 0.316468 0.548280 0.318452 0.549603 0.319692 0.551918 0.319692 0.553902 0.318700 0.555886 0.318700 0.557209 0.319692 0.558862 0.320437 0.562169 0.322173 0.563823 0.325645 0.564153 0.326637 0.565476 0.327629 0.570437 0.328869 0.572421 0.327877 0.574735 0.327877 0.576389 0.329613 0.578042 0.330853 0.578042 0.333085 0.576389 0.333333 0.574405 0.334573 0.572751 0.340774 0.572090 0.342262 0.570106 0.342758 0.563823 0.340278 0.559854 0.339534 0.550265 0.340526 0.546296 0.340774 0.541005 0.337798 0.537368 0.333581 0.537698 0.329861 0.535053 0.328125 0.532077 0.325397 0.529431 0.325397 0.525463 0.322917 0.523148 0.317956 0.521825 0.315972 0.519841 0.310020 0.516534 0.307292 0.515542 0.302331 0.515212 0.300595 0.513558 0.301091 0.511905 0.303323 0.509590 0.305308 0.505952 0.306052 0.501653 0.308780 0.499008 0.309524 0.497024 0.311508 0.494709 0.311508 0.493386 0.309276 0.490741 0.308036 0.487434 0.304315 0.484458 0.301091 0.483135 0.298363 0.480159 0.298115 0.478836 0.299851 0.476190 0.301091 0.471230 0.303075 0.466931 0.306300 0.462963 0.312004 0.462632 0.316716 0.463294 0.318948 0.462963 0.323413 0.460648 0.326389 0.452712 0.329117 0.450728 0.330605 0.447421 0.334077 0.446759 0.337550 0.443783 0.336806 0.440476 0.337550 0.435847 0.335813 0.430556 0.332341 0.426918 0.330357 0.422619 0.327629 0.421627 0.321925 0.421958 0.320188 0.420304 0.318700 0.416336 0.320685 0.412698 0.320437 0.407738 0.321677 0.404431 0.321181 0.395503 0.318948 0.390542 0.313988 0.386905 0.306796 0.384921 0.302827 0.384590 0.302083 0.383598 0.301835 0.380952 0.293651 0.370370 0.291419 0.370040 0.286458 0.372685 0.282242 0.373016 0.280010 0.375331 0.276042 0.377315 0.273313 0.375331 0.262897 0.373677 0.261161 0.371362 0.258433 0.369378 0.258681 0.365079 0.257192 0.363095 0.256696 0.360119 0.253472 0.355489 0.251240 0.353505 0.252232 0.348876 0.250992 0.346561 0.250744 0.343254 0.252480 0.342593 0.252976 0.341270 0.251240 0.340939 0.250496 0.342593 0.248016 0.342593 0.246280 0.339947 0.243304 0.339286 0.242560 0.337302 0.244544 0.336310 0.246032 0.336971 0.247272 0.339616 0.249008 0.339616 0.251488 0.336640 0.253968 0.336640 0.255208 0.338294 0.256448 0.337632 0.257440 0.335979 0.261161 0.335979 0.263393 0.337302 0.267609 0.336640 0.269841 0.335648 0.270089 0.332672 0.269345 0.331680 0.266617 0.331019 0.266369 0.330026 0.267113 0.329365 0.272321 0.329696 0.276042 0.329034 0.277778 0.330357 0.273313 0.331680 0.272817 0.332341 0.272817 0.334987 0.273562 0.335979 0.277034 0.336971 0.277530 0.337632 0.277034 0.338955 0.265129 0.339616 0.264385 0.341601 0.266369 0.342923 0.271329 0.342262 0.273562 0.343254 0.277034 0.343254 0.279762 0.341931 0.283482 0.342262 0.283978 0.341270 0.281498 0.339947 0.280754 0.337963 0.281498 0.336640 0.284474 0.334987 0.284970 0.333333 0.283730 0.332011 0.280754 0.331019 0.280506 0.330026 0.285714 0.327381 0.285962 0.324735 0.284722 0.322421 0.287202 0.318783 0.289435 0.319775 0.293403 0.320106 0.298611 0.319114 0.299107 0.317791 0.297123 0.315476 0.298115 0.313492 0.302827 0.311839 0.307540 0.311839 0.310020 0.310516 0.311756 0.312831 0.315476 0.313823 0.316964 0.315146 0.315972 0.316138 0.313492 0.316468 0.312500 0.317791 0.312748 0.318783 0.315476 0.319444 0.317460 0.318122 0.319692 0.312831 0.319940 0.309854 0.318948 0.306548 0.318948 0.299272 0.317956 0.298280
5 0.489831 0.540013 0.478423 0.547619 0.475942 0.552249 0.470982 0.558532 0.469494 0.566138 0.467014 0.571759 0.466270 0.575397 0.463046 0.577381 0.460565 0.584656 0.458333 0.588294 0.453869 0.602844 0.453125 0.607804 0.449157 0.617063 0.446677 0.619709 0.445685 0.622685 0.442708 0.625661 0.439236 0.631283 0.437500 0.639550 0.434276 0.649802 0.433036 0.657077 0.433036 0.659061 0.436012 0.666336 0.437004 0.674603 0.435516 0.678571 0.431796 0.679233 0.430060 0.680556 0.425099 0.689484 0.425099 0.694114 0.422371 0.705026 0.421875 0.717262 0.420883 0.723876 0.418155 0.735450 0.417163 0.746693 0.417163 0.750992 0.417907 0.755622 0.421131 0.762897 0.422371 0.767196 0.423363 0.768519 0.427827 0.771164 0.431796 0.777116 0.439484 0.781746 0.441220 0.783730 0.443452 0.788029 0.448909 0.788360 0.459077 0.786706 0.471726 0.777778 0.475198 0.776124 0.477183 0.773148 0.482887 0.768519 0.485367 0.763889 0.490823 0.756283 0.495536 0.744048 0.497768 0.739749 0.500248 0.736772 0.501240 0.733135 0.501488 0.728175 0.503968 0.720569 0.504712 0.711640 0.503968 0.703704 0.502480 0.697751 0.503224 0.693452 0.503224 0.688492 0.502480 0.681217 0.502480 0.673280 0.500992 0.665675 0.501240 0.654101 0.500496 0.648479 0.500496 0.639220 0.499752 0.633598 0.499504 0.624008 0.498760 0.615079 0.497768 0.611111 0.496528 0.599868 0.495536 0.596230 0.494792 0.585979 0.492063 0.573082 0.492063 0.559193 0.491567 0.557209 0.491071 0.544312
