4 0.294147 0.076389 0.340774 0.076389 0.340774 0.884259 0.294147 0.884259
0 0.343998 0.224868 0.472966 0.224868 0.472966 0.384921 0.343998 0.384921
0 0.467262 0.202050 0.600942 0.202050 0.600942 0.350529 0.467262 0.350529
0 0.449157 0.583333 0.577629 0.583333 0.577629 0.681217 0.449157 0.681217
0 0.530506 0.580026 0.637649 0.580026 0.637649 0.699735 0.530506 0.699735
0 0.334325 0.576720 0.429812 0.576720 0.429812 0.688492 0.334325 0.688492
0 0.336062 0.457672 0.429067 0.457672 0.429067 0.557540 0.336062 0.557540
0 0.400050 0.558862 0.544891 0.558862 0.544891 0.628307 0.400050 0.628307
5 0.390625 0.366733 0.564236 0.366733 0.564236 0.576389 0.390625 0.576389
1 0.440228 0.316138 0.577133 0.316138 0.577133 0.456019 0.440228 0.456019
4 0.631200 0.335979 0.702877 0.335979 0.702877 0.959325 0.631200 0.959325
4 0.321677 0.076389 0.317460 0.076720 0.314732 0.078373 0.313740 0.080357 0.313244 0.114749 0.312252 0.126323 0.312004 0.139220 0.311260 0.141534 0.310764 0.149140 0.310764 0.161706 0.309772 0.177249 0.309524 0.205688 0.308532 0.231812 0.308780 0.260913 0.308036 0.307870 0.307044 0.338624 0.307044 0.358796 0.306548 0.360780 0.306796 0.368056 0.305804 0.383929 0.306052 0.397487 0.305804 0.412698 0.305308 0.415675 0.305308 0.435847 0.304812 0.438492 0.304067 0.498677 0.303323 0.504960 0.302827 0.533730 0.301835 0.543651 0.302083 0.549934 0.300595 0.607143 0.299851 0.614418 0.299355 0.639220 0.298611 0.641534 0.297867 0.670966 0.295387 0.723214 0.295387 0.741402 0.296131 0.750331 0.295883 0.760582 0.296627 0.769511 0.296627 0.795635 0.296131 0.798942 0.295883 0.840939 0.294395 0.845238 0.294147 0.852513 0.294891 0.867394 0.294147 0.877976 0.295139 0.881283 0.298859 0.884259 0.303571 0.884259 0.308036 0.883267 0.318700 0.883267 0.322917 0.881944 0.324405 0.879960 0.326389 0.875331 0.327133 0.866071 0.327877 0.762897 0.328621 0.757937 0.329117 0.708995 0.330357 0.681217 0.330357 0.666005 0.331597 0.643519 0.331597 0.630622 0.332093 0.627315 0.331597 0.615410 0.332093 0.613095 0.332093 0.600198 0.332837 0.596230 0.332589 0.583995 0.333829 0.576058 0.334077 0.540344 0.335317 0.519841 0.335069 0.507275 0.336062 0.491071 0.336062 0.461971 0.336806 0.452050 0.337302 0.422288 0.337798 0.420304 0.337550 0.407407 0.338046 0.405423 0.338542 0.385913 0.338294 0.374669 0.338542 0.360119 0.339038 0.357804 0.339534 0.298280 0.340526 0.279101 0.340774 0.222222 0.340278 0.217593 0.340526 0.187831 0.340030 0.176587 0.340526 0.171296 0.340774 0.092923 0.340278 0.084656 0.339286 0.080357 0.338294 0.079034 0.334573 0.078042 0.332093 0.078373 0.328125 0.080026 0.326637 0.082672 0.324901 0.079034
0 0.354167 0.236772 0.352431 0.239087 0.347966 0.248016 0.344742 0.260582 0.343998 0.273148 0.343998 0.284722 0.344742 0.293320 0.350446 0.310516 0.354167 0.315146 0.354415 0.318122 0.355903 0.320437 0.357639 0.329696 0.359623 0.334325 0.365079 0.342262 0.373264 0.351521 0.376240 0.358796 0.379464 0.361111 0.383433 0.365741 0.389881 0.371032 0.392113 0.374339 0.404514 0.379960 0.407986 0.379630 0.415427 0.374008 0.420139 0.371693 0.423611 0.371032 0.427579 0.366402 0.432540 0.365410 0.433780 0.366733 0.435516 0.373347 0.433532 0.376653 0.433780 0.382275 0.435020 0.384921 0.436508 0.384921 0.439236 0.383598 0.444196 0.382606 0.451885 0.378307 0.458829 0.368717 0.461558 0.362765 0.466766 0.357143 0.469246 0.350198 0.469494 0.345238 0.470982 0.337632 0.472470 0.333664 0.472966 0.329365 0.471230 0.325728 0.470734 0.322751 0.470982 0.317791 0.468502 0.307209 0.462302 0.290675 0.460813 0.282407 0.458581 0.279101 0.455605 0.279762 0.454613 0.278770 0.454365 0.274802 0.455605 0.272156 0.455605 0.270833 0.452877 0.262566 0.451141 0.259921 0.447173 0.256614 0.443204 0.251653 0.439236 0.249339 0.436260 0.246032 0.427083 0.239749 0.423611 0.238095 0.420387 0.235119 0.415427 0.233466 0.406002 0.228836 0.400546 0.227183 0.387897 0.224868 0.377232 0.224868 0.368304 0.227183 0.361607 0.230489 0.358135 0.234127
0 0.477431 0.221230 0.473214 0.231812 0.469990 0.236442 0.468750 0.248016 0.467262 0.254630 0.468502 0.265212 0.468502 0.272156 0.470734 0.282407 0.476687 0.297288 0.484375 0.310185 0.492312 0.318783 0.497024 0.321759 0.500992 0.326720 0.507192 0.331019 0.509177 0.333664 0.513145 0.335648 0.515873 0.338294 0.521577 0.341931 0.528522 0.345238 0.544147 0.350529 0.562004 0.350529 0.571429 0.349206 0.584821 0.343585 0.593254 0.334656 0.596974 0.325397 0.600446 0.310516 0.600942 0.300265 0.599206 0.289021 0.593502 0.268519 0.590526 0.262235 0.589782 0.259259 0.587302 0.255952 0.585317 0.250000 0.579117 0.240741 0.577629 0.236442 0.574405 0.233796 0.569444 0.226521 0.561508 0.219246 0.555060 0.215278 0.553323 0.212963 0.544643 0.209325 0.537698 0.208003 0.524058 0.208003 0.513393 0.204365 0.502976 0.202050 0.494544 0.203704 0.492808 0.204696 0.485615 0.211310 0.482639 0.217593
0 0.576885 0.585979 0.576141 0.584325 0.573413 0.583333 0.571181 0.583333 0.569196 0.584325 0.564236 0.583995 0.560764 0.586640 0.556548 0.587302 0.554067 0.589947 0.548611 0.592262 0.545139 0.594907 0.532986 0.598545 0.521577 0.605159 0.516369 0.606812 0.513641 0.609127 0.509921 0.610119 0.506944 0.612103 0.500992 0.613757 0.498264 0.616402 0.492808 0.617394 0.488839 0.622685 0.482639 0.627646 0.476687 0.625992 0.469494 0.625661 0.463046 0.628968 0.453373 0.641204 0.450645 0.650463 0.449157 0.661045 0.449405 0.662698 0.453373 0.669312 0.461558 0.675595 0.466766 0.677910 0.482639 0.681217 0.491815 0.680886 0.497768 0.679894 0.507688 0.679894 0.518105 0.677910 0.530506 0.678241 0.532490 0.677579 0.535962 0.674272 0.538690 0.665675 0.545387 0.655754 0.547867 0.649140 0.550099 0.646495 0.554812 0.633929 0.556052 0.631944 0.557044 0.627976 0.561756 0.622024 0.565228 0.612765 0.570188 0.607804 0.573165 0.601521 0.576885 0.596230 0.577629 0.592262
0 0.633185 0.583333 0.631696 0.581349 0.627232 0.580026 0.622024 0.581019 0.611607 0.584325 0.608135 0.586971 0.602927 0.588624 0.599702 0.590939 0.594990 0.591270 0.592262 0.592923 0.587798 0.592923 0.579117 0.595238 0.577877 0.596892 0.576885 0.599868 0.571429 0.604497 0.568452 0.610119 0.562004 0.618717 0.558780 0.626653 0.554563 0.634259 0.551835 0.643188 0.546627 0.650463 0.545635 0.653770 0.538442 0.665344 0.537698 0.669643 0.534970 0.674934 0.532738 0.684854 0.530754 0.689484 0.530506 0.696098 0.531002 0.697751 0.533482 0.699074 0.541171 0.699735 0.552083 0.699074 0.556052 0.699735 0.572173 0.699735 0.581597 0.698082 0.595486 0.694114 0.599454 0.691468 0.603175 0.687169 0.609623 0.681548 0.615823 0.677249 0.620784 0.669312 0.623264 0.662698 0.624256 0.657407 0.626736 0.649802 0.633185 0.637566 0.635417 0.626984 0.635665 0.623016 0.637153 0.618717 0.637649 0.615410 0.637153 0.603836 0.636161 0.599868 0.635417 0.591270
0 0.337054 0.580026 0.335565 0.585979 0.334325 0.614087 0.334573 0.628638 0.336558 0.637897 0.336310 0.642526 0.337550 0.646164 0.342758 0.651786 0.346726 0.657738 0.351438 0.670635 0.353175 0.673280 0.358879 0.678571 0.364831 0.682540 0.380208 0.687500 0.396329 0.688492 0.407490 0.687831 0.411210 0.686508 0.415675 0.683532 0.420883 0.678241 0.424355 0.669643 0.425843 0.663360 0.428323 0.657077 0.429812 0.651455 0.429812 0.647817 0.428819 0.642196 0.424107 0.637897 0.419643 0.626653 0.417163 0.625992 0.409226 0.620701 0.404266 0.615079 0.390873 0.605820 0.386409 0.601852 0.381448 0.595899 0.376736 0.592923 0.372768 0.589286 0.361855 0.584656 0.353919 0.579034 0.346726 0.576720 0.344246 0.576720 0.338790 0.578373
0 0.429067 0.486772 0.422371 0.477844 0.419395 0.475860 0.405258 0.471892 0.396825 0.471561 0.388145 0.468585 0.381448 0.467262 0.376488 0.464616 0.373760 0.461310 0.369296 0.457672 0.364831 0.460317 0.361359 0.459987 0.357639 0.461310 0.352927 0.460648 0.340526 0.466931 0.339038 0.468915 0.338294 0.471561 0.338294 0.478505 0.337550 0.482804 0.337550 0.495701 0.336806 0.509590 0.337302 0.522487 0.336558 0.526786 0.336062 0.547288 0.337054 0.552579 0.345238 0.557209 0.351438 0.557540 0.352927 0.557209 0.361855 0.550926 0.365823 0.549272 0.368800 0.544974 0.369544 0.541997 0.368552 0.533399 0.373512 0.524140 0.374256 0.521164 0.375744 0.519180 0.377976 0.518849 0.388889 0.522817 0.396329 0.522817 0.400298 0.520833 0.405506 0.517196 0.412202 0.510913 0.412946 0.509590 0.413442 0.506283 0.415923 0.501653 0.419643 0.497685 0.424107 0.496032 0.427083 0.494048 0.429067 0.490410
0 0.400050 0.588624 0.403274 0.600860 0.407738 0.608135 0.416419 0.612765 0.419147 0.613426 0.423115 0.616071 0.431300 0.617063 0.433036 0.618386 0.438492 0.625661 0.441468 0.627646 0.443948 0.628307 0.450893 0.625992 0.457341 0.620370 0.462550 0.618056 0.466518 0.617725 0.471726 0.613757 0.474950 0.613095 0.478671 0.611111 0.490575 0.612434 0.493800 0.609788 0.497272 0.608796 0.499752 0.609458 0.506200 0.609458 0.510417 0.608135 0.518105 0.603505 0.522073 0.602183 0.532986 0.596230 0.541667 0.593254 0.543651 0.591270 0.544891 0.586971 0.544395 0.583995 0.541667 0.579696 0.530258 0.575397 0.524058 0.575066 0.521081 0.576389 0.512649 0.575728 0.500744 0.576389 0.493552 0.574735 0.489335 0.577050 0.481895 0.578373 0.478423 0.576058 0.476190 0.572751 0.473958 0.567130 0.469990 0.563823 0.463542 0.562831 0.457837 0.563161 0.446181 0.559524 0.434276 0.560185 0.428819 0.558862 0.421627 0.558862 0.416419 0.560516 0.410466 0.564484 0.407490 0.567791 0.403770 0.576389 0.401042 0.580357
5 0.391121 0.400463 0.390625 0.404762 0.392361 0.408730 0.392857 0.411706 0.397321 0.416336 0.399802 0.420635 0.404762 0.423280 0.406002 0.428241 0.410466 0.434854 0.414931 0.440146 0.416419 0.443122 0.420635 0.445767 0.431548 0.460648 0.434028 0.462302 0.436756 0.466270 0.438492 0.470569 0.438988 0.478175 0.436260 0.481481 0.437500 0.486111 0.436260 0.491402 0.434524 0.493717 0.427827 0.498016 0.423859 0.497685 0.419147 0.501323 0.418899 0.505952 0.421627 0.512235 0.423115 0.514220 0.428323 0.517526 0.431796 0.522156 0.437500 0.525794 0.445933 0.527778 0.458085 0.528439 0.463542 0.530423 0.466766 0.532738 0.471726 0.541667 0.473462 0.546627 0.475446 0.548942 0.476438 0.551918 0.478671 0.572751 0.481151 0.576058 0.483135 0.576389 0.486111 0.572421 0.486359 0.567791 0.485863 0.565807 0.485615 0.555556 0.486359 0.553241 0.486607 0.549272 0.487599 0.547950 0.490575 0.546296 0.497272 0.548942 0.498512 0.551918 0.499008 0.560185 0.501488 0.563492 0.506696 0.564484 0.511409 0.562831 0.514137 0.560516 0.516369 0.553241 0.515625 0.544312 0.516865 0.540013 0.518353 0.537368 0.519097 0.533730 0.524058 0.530423 0.528770 0.529762 0.530506 0.528770 0.533730 0.522817 0.533730 0.520172 0.531994 0.516204 0.531002 0.510913 0.529266 0.507606 0.525298 0.505291 0.518105 0.502976 0.510417 0.502976 0.503472 0.497685 0.501240 0.494378 0.500000 0.486772 0.500248 0.478175 0.502976 0.472222 0.504712 0.470899 0.509921 0.469907 0.513641 0.467923 0.514881 0.466270 0.516369 0.462302 0.517857 0.460979 0.529514 0.459987 0.530754 0.458664 0.531746 0.452712 0.531250 0.439153 0.535714 0.431217 0.538442 0.428571 0.540179 0.423280 0.544891 0.418320 0.547619 0.414021 0.549603 0.412698 0.554563 0.406415 0.558780 0.404101 0.561756 0.400463 0.563988 0.396495 0.564236 0.392526 0.561260 0.386574 0.560020 0.385913 0.556052 0.387566 0.554315 0.390212 0.548363 0.393849 0.545139 0.399471 0.540427 0.403108 0.538194 0.406746 0.532986 0.411045 0.529762 0.415344 0.524802 0.417989 0.521825 0.421296 0.516865 0.423611 0.511905 0.432209 0.510417 0.435847 0.509921 0.439815 0.508433 0.443122 0.506200 0.445437 0.500496 0.445767 0.498512 0.446759 0.497520 0.445106 0.496776 0.432540 0.495040 0.428902 0.493552 0.427579 0.490823 0.426918 0.486607 0.426918 0.485615 0.427579 0.484127 0.431548 0.483631 0.435847 0.481151 0.442130 0.480655 0.450397 0.477927 0.454034 0.475446 0.461640 0.473958 0.463624 0.471478 0.464616 0.470238 0.464286 0.467510 0.460648 0.463046 0.457672 0.452877 0.452381 0.445685 0.443122 0.444196 0.439484 0.441220 0.436839 0.437500 0.431548 0.435268 0.423611 0.437004 0.418651 0.440228 0.413690 0.441716 0.412698 0.441716 0.411706 0.435268 0.409061 0.431796 0.408730 0.430308 0.406085 0.429563 0.399471 0.430556 0.384259 0.432292 0.380952 0.431548 0.376984 0.434276 0.373677 0.434028 0.371032 0.432292 0.366733 0.424355 0.369048 0.421875 0.373677 0.413690 0.377315 0.410466 0.381614 0.407738 0.383929 0.406250 0.389550 0.399802 0.395833 0.397817 0.398810 0.396081 0.399471 0.392609 0.399140
1 0.440476 0.427579 0.443204 0.435516 0.455109 0.449735 0.458333 0.450066 0.462054 0.452712 0.465278 0.453704 0.467014 0.455026 0.474454 0.456019 0.477927 0.451058 0.478919 0.444114 0.478919 0.439484 0.481895 0.431878 0.485119 0.426257 0.487103 0.424934 0.494792 0.423942 0.498264 0.425926 0.499752 0.424934 0.500000 0.416667 0.496528 0.408730 0.496032 0.405093 0.497768 0.399802 0.501984 0.391865 0.504216 0.392526 0.506944 0.395172 0.509673 0.402116 0.510665 0.406746 0.514385 0.408399 0.515129 0.410053 0.515129 0.412698 0.511905 0.416336 0.512649 0.421296 0.510913 0.423942 0.507192 0.422619 0.504960 0.422950 0.503472 0.426257 0.500992 0.426587 0.499256 0.430886 0.500000 0.435847 0.502232 0.437500 0.505704 0.437500 0.508433 0.433862 0.508929 0.431217 0.510417 0.428571 0.510665 0.425265 0.511409 0.423942 0.513145 0.423942 0.514881 0.420635 0.517857 0.419974 0.522073 0.417659 0.524306 0.415344 0.529018 0.412698 0.533730 0.407738 0.539187 0.404431 0.541667 0.401124 0.545139 0.398148 0.549107 0.390873 0.551835 0.389220 0.555308 0.384590 0.558780 0.383267 0.560268 0.380622 0.562004 0.382606 0.565724 0.383598 0.566716 0.384921 0.567708 0.389881 0.568700 0.390873 0.574653 0.390212 0.575397 0.387897 0.576885 0.386574 0.577133 0.384259 0.575149 0.383598 0.573661 0.386243 0.570685 0.385582 0.570188 0.384590 0.571429 0.383267 0.573661 0.382937 0.574157 0.380952 0.573413 0.379630 0.570437 0.378307 0.569444 0.373677 0.565724 0.372354 0.563988 0.372685 0.563988 0.373677 0.565476 0.374008 0.565972 0.375000 0.565972 0.376653 0.564980 0.378307 0.562004 0.378638 0.560268 0.380291 0.558532 0.379299 0.556548 0.379299 0.554812 0.380622 0.553819 0.383267 0.552331 0.383598 0.550595 0.382937 0.549355 0.380622 0.547371 0.379960 0.545883 0.378307 0.545635 0.374669 0.546875 0.373016 0.546131 0.369048 0.545387 0.367725 0.543651 0.367394 0.542659 0.364418 0.539435 0.362103 0.539187 0.359788 0.539683 0.357804 0.537450 0.353175 0.534226 0.352844 0.530010 0.350198 0.524306 0.347884 0.522817 0.345899 0.521081 0.344907 0.515873 0.345238 0.511409 0.344577 0.507937 0.340608 0.507440 0.337632 0.504960 0.335317 0.503224 0.332341 0.499008 0.328704 0.496528 0.327712 0.494544 0.325728 0.492312 0.325066 0.491071 0.322090 0.489831 0.321098 0.488839 0.321429 0.487103 0.324735 0.485615 0.324735 0.484623 0.322421 0.484623 0.318783 0.482887 0.318452 0.481151 0.316468 0.478919 0.316138 0.477679 0.317460 0.477927 0.320106 0.478919 0.321759 0.477927 0.326389 0.480903 0.329696 0.483135 0.334325 0.481895 0.337302 0.481895 0.338955 0.482887 0.341270 0.481151 0.345238 0.480655 0.348876 0.478919 0.351190 0.474950 0.354497 0.471230 0.355820 0.462550 0.366071 0.458581 0.376984 0.458581 0.381614 0.460317 0.389220 0.460069 0.397156 0.458085 0.401455 0.456845 0.403108 0.454613 0.404431 0.449653 0.412698 0.446677 0.414683 0.443700 0.419643 0.440724 0.421627 0.440228 0.423280
4 0.653770 0.335979 0.653274 0.336971 0.653770 0.341270 0.655754 0.344577 0.657242 0.348876 0.658234 0.354167 0.660962 0.362103 0.661210 0.365410 0.663690 0.372685 0.664435 0.378307 0.664683 0.387897 0.665923 0.401786 0.664187 0.435185 0.661458 0.450728 0.657490 0.455688 0.654514 0.464947 0.641121 0.478505 0.639881 0.482143 0.633929 0.493386 0.631200 0.505291 0.631200 0.525463 0.633929 0.563161 0.635169 0.568122 0.636657 0.584325 0.637897 0.589947 0.638145 0.597553 0.639881 0.607143 0.640625 0.619048 0.641369 0.622685 0.641865 0.634590 0.643601 0.646164 0.648065 0.690807 0.649802 0.721561 0.650546 0.724206 0.650546 0.728505 0.653026 0.751323 0.654514 0.783069 0.657242 0.808532 0.658482 0.831019 0.659970 0.844907 0.660466 0.859458 0.660962 0.861772 0.660714 0.866402 0.664435 0.910053 0.664187 0.915675 0.666171 0.927249 0.667907 0.931878 0.669395 0.939484 0.673859 0.954696 0.678075 0.958995 0.682292 0.959325 0.687500 0.954365 0.688988 0.951720 0.689732 0.948413 0.691964 0.943452 0.694444 0.934854 0.695933 0.927910 0.696181 0.923280 0.698909 0.912037 0.698909 0.909392 0.700149 0.904431 0.700893 0.897487 0.700893 0.893188 0.702133 0.888558 0.701885 0.884259 0.702877 0.873677 0.702381 0.863426 0.702629 0.854167 0.701885 0.846230 0.702133 0.841270 0.700645 0.831680 0.700397 0.821429 0.694940 0.787037 0.688988 0.761574 0.688244 0.755291 0.687252 0.751984 0.687748 0.748347 0.686508 0.739418 0.682292 0.720569 0.681052 0.717262 0.680060 0.708003 0.673859 0.679563 0.672619 0.669974 0.668899 0.652116 0.667659 0.642196 0.664187 0.626984 0.663442 0.615410 0.660962 0.604167 0.659722 0.591601 0.657242 0.578042 0.655258 0.561508 0.653770 0.555886 0.653026 0.544312 0.651290 0.536706 0.651042 0.531746 0.650298 0.529101 0.650298 0.524802 0.649554 0.521495 0.649058 0.500992 0.651042 0.491071 0.652778 0.487434 0.655754 0.483466 0.657242 0.478175 0.662698 0.469246 0.664683 0.462302 0.666915 0.459325 0.670387 0.452050 0.672867 0.441468 0.674851 0.437169 0.676587 0.428571 0.678075 0.410384 0.677331 0.392857 0.676091 0.389220 0.674355 0.377976 0.672123 0.374008 0.670883 0.368386 0.667659 0.361772 0.666915 0.356812 0.662698 0.346892 0.659722 0.343254 0.658482 0.340608 0.656746 0.339286 0.654762 0.336310
