4 0.046676 0.254597 0.041018 0.263083 0.042433 0.274399 0.063649 0.345120 0.099010 0.437058 0.147100 0.533239 0.164074 0.575672 0.176803 0.619519 0.173975 0.620934 0.155587 0.609618 0.055163 0.500707 0.002829 0.431400 0.000000 0.431400 0.000000 0.500707 0.086280 0.594059 0.099010 0.616690 0.103253 0.633663 0.103253 0.660537 0.096181 0.693069 0.096181 0.710042 0.107496 0.745403 0.121641 0.762376 0.152758 0.785007 0.189533 0.800566 0.210750 0.801980 0.248939 0.841584 0.251768 0.850071 0.261669 0.852900 0.264498 0.847242 0.251768 0.817539 0.253182 0.811881 0.282885 0.841584 0.289958 0.837341 0.284300 0.820368 0.285714 0.814710 0.301273 0.831683 0.311174 0.830269 0.302687 0.806223 0.306931 0.801980 0.314003 0.804809 0.325318 0.817539 0.330976 0.818953 0.311174 0.776521 0.306931 0.755304 0.306931 0.736917 0.315417 0.695898 0.302687 0.680339 0.272984 0.657709 0.240453 0.642150 0.230552 0.642150 0.229137 0.637907 0.217822 0.637907 0.207921 0.633663 0.196605 0.618105 0.171146 0.543140 0.154173 0.503536 0.145686 0.418670 0.093352 0.267327 0.082037 0.251768 0.056577 0.251768
1 0.685997 0.407355 0.671853 0.398868 0.652051 0.396040 0.609618 0.363508 0.588402 0.359264 0.567185 0.347949 0.514851 0.335219 0.499293 0.335219 0.463932 0.343706 0.445545 0.340877 0.424328 0.347949 0.411598 0.356436 0.393211 0.360679 0.383310 0.366337 0.353607 0.407355 0.350778 0.420085 0.340877 0.429986 0.326733 0.468175 0.328147 0.495050 0.319661 0.527581 0.295615 0.558699 0.287129 0.564356 0.289958 0.582744 0.292786 0.585573 0.308345 0.585573 0.308345 0.589816 0.294201 0.609618 0.295615 0.620934 0.311174 0.635078 0.316832 0.646393 0.336634 0.640736 0.347949 0.649222 0.359264 0.649222 0.386139 0.633663 0.415842 0.622348 0.461103 0.613861 0.497878 0.613861 0.500707 0.616690 0.512023 0.616690 0.544554 0.625177 0.572843 0.637907 0.584158 0.639321 0.586987 0.633663 0.588402 0.598303 0.595474 0.567185 0.602546 0.555870 0.635078 0.517680 0.659123 0.500707 0.702970 0.479491 0.702970 0.469590 0.698727 0.466761 0.701556 0.463932 0.698727 0.455446 0.702970 0.446959 0.697313 0.439887 0.695898 0.429986 0.690240 0.424328
5 0.586987 0.161245 0.584158 0.173975 0.606789 0.189533 0.630835 0.213579 0.633663 0.222065 0.630835 0.240453 0.609618 0.278642 0.613861 0.295615 0.620934 0.301273 0.636492 0.298444 0.649222 0.302687 0.660537 0.315417 0.674682 0.322489 0.688826 0.342291 0.694484 0.345120 0.702970 0.312588 0.701556 0.272984 0.708628 0.261669 0.725601 0.248939 0.727016 0.244696 0.725601 0.231966 0.717115 0.209335 0.704385 0.195191 0.688826 0.188119 0.678925 0.179632 0.657709 0.173975 0.633663 0.178218 0.616690 0.164074 0.599717 0.158416
5 0.859972 0.557284 0.859972 0.570014 0.882603 0.586987 0.903819 0.592645 0.912306 0.585573 0.912306 0.568600 0.896747 0.555870 0.882603 0.551627 0.867044 0.551627
5 0.749646 0.649222 0.722772 0.663366 0.684583 0.664781 0.684583 0.674682 0.700141 0.704385 0.704385 0.707214 0.731259 0.707214 0.753890 0.701556 0.758133 0.683168
5 0.431400 0.206506 0.414427 0.196605 0.403112 0.196605 0.390382 0.203678 0.374823 0.219236 0.345120 0.214993 0.322489 0.231966 0.314003 0.243281 0.311174 0.251768 0.312588 0.261669 0.329562 0.282885 0.340877 0.291372 0.366337 0.288543 0.377652 0.297030 0.384724 0.297030 0.401697 0.250354 0.425743 0.219236
5 0.646393 0.642150 0.640736 0.647808 0.636492 0.659123 0.635078 0.678925 0.644979 0.694484 0.664781 0.710042 0.680339 0.718529 0.698727 0.722772 0.702970 0.717115 0.702970 0.710042 0.671853 0.657709 0.656294 0.642150
5 0.831683 0.567185 0.824611 0.571429 0.821782 0.592645 0.833098 0.647808 0.844413 0.664781 0.857143 0.676096 0.867044 0.677511 0.878359 0.673267 0.889675 0.660537 0.895332 0.646393 0.895332 0.618105 0.891089 0.599717 0.861386 0.570014 0.850071 0.565771
5 0.810467 0.562942 0.799151 0.564356 0.793494 0.568600 0.799151 0.594059 0.794908 0.612447 0.785007 0.625177 0.763791 0.637907 0.758133 0.647808 0.759547 0.659123 0.765205 0.666195 0.790665 0.676096 0.818953 0.674682 0.828854 0.667610 0.831683 0.660537 0.828854 0.623762 0.820368 0.599717 0.821782 0.574257
5 0.790665 0.553041 0.780764 0.538897 0.769448 0.536068 0.712871 0.560113 0.674682 0.564356 0.666195 0.570014 0.664781 0.578501 0.673267 0.595474 0.680339 0.599717 0.708628 0.585573 0.724187 0.594059 0.745403 0.594059 0.751061 0.591231 0.752475 0.584158 0.759547 0.578501 0.768034 0.581330 0.789250 0.565771
5 0.800566 0.592645 0.796322 0.579915 0.790665 0.574257 0.783593 0.574257 0.770863 0.586987 0.746818 0.598303 0.724187 0.596888 0.705799 0.603960 0.667610 0.611033 0.657709 0.615276 0.650636 0.622348 0.649222 0.629420 0.654880 0.639321 0.680339 0.660537 0.700141 0.666195 0.724187 0.664781 0.741160 0.654880 0.760962 0.635078 0.768034 0.635078 0.785007 0.626591 0.799151 0.608204
5 0.653465 0.384724 0.654880 0.393211 0.673267 0.396040 0.693069 0.404526 0.697313 0.428571 0.710042 0.442716 0.722772 0.466761 0.729844 0.473833 0.804809 0.473833 0.831683 0.478076 0.867044 0.490806 0.879774 0.492221 0.884017 0.483734 0.886846 0.459689 0.892504 0.454031 0.898161 0.462518 0.891089 0.465347 0.891089 0.468175 0.896747 0.469590 0.898161 0.483734 0.903819 0.493635 0.902405 0.499293 0.905233 0.499293 0.906648 0.492221 0.916549 0.486563 0.936351 0.487977 0.950495 0.485149 0.956153 0.489392 0.960396 0.480905 0.957567 0.476662 0.947666 0.476662 0.949081 0.471004 0.960396 0.468175 0.966054 0.462518 1.000000 0.446959 1.000000 0.414427 0.985856 0.414427 0.963225 0.427157 0.947666 0.431400 0.929279 0.404526 0.881188 0.369165 0.862801 0.359264 0.826025 0.346535 0.789250 0.342291 0.775106 0.336634 0.759547 0.336634 0.731259 0.350778 0.688826 0.360679 0.684583 0.364922 0.664781 0.371994
6 0.560113 0.698727 0.528996 0.681754 0.492221 0.674682 0.455446 0.676096 0.418670 0.684583 0.414427 0.690240 0.387553 0.705799 0.369165 0.724187 0.362093 0.741160 0.352192 0.746818 0.353607 0.759547 0.350778 0.772277 0.363508 0.811881 0.377652 0.833098 0.394625 0.847242 0.427157 0.857143 0.432815 0.861386 0.431400 0.867044 0.468175 0.869873 0.475248 0.867044 0.483734 0.869873 0.490806 0.862801 0.496464 0.867044 0.507779 0.855728 0.534653 0.851485 0.548798 0.844413 0.554455 0.837341 0.564356 0.834512 0.572843 0.821782 0.579915 0.818953 0.585573 0.810467 0.592645 0.782178 0.592645 0.759547 0.585573 0.729844
0 0.246110 0.377652 0.222065 0.379066 0.198020 0.387553 0.181047 0.397454 0.158416 0.420085 0.151344 0.438472 0.149929 0.468175 0.154173 0.500707 0.172560 0.544554 0.188119 0.562942 0.227723 0.575672 0.265912 0.570014 0.288543 0.558699 0.311174 0.536068 0.326733 0.502122 0.326733 0.483734 0.322489 0.479491 0.312588 0.480905 0.343564 0.449788 0.339321 0.432673 0.330976 0.415417 0.330127 0.406082 0.315700 0.403819 0.319943 0.405375 0.311740 0.395474 0.297030 0.395050 0.295615 0.391796
0 0.547383 0.302687 0.553041 0.305516 0.547383 0.309760 0.550212 0.314003 0.545969 0.318246 0.550212 0.321075 0.550212 0.330976 0.544554 0.338048 0.564356 0.343706 0.588402 0.356436 0.612447 0.362093 0.626591 0.374823 0.640736 0.380481 0.647808 0.380481 0.685997 0.359264 0.690240 0.350778 0.688826 0.338048 0.677511 0.322489 0.659123 0.312588 0.644979 0.298444 0.619519 0.301273 0.612447 0.294201 0.606789 0.281471 0.592645 0.272984 0.579915 0.272984 0.570014 0.278642 0.568600 0.285714 0.554455 0.294201 0.557284 0.298444
0 0.524752 0.164074 0.521924 0.168317 0.523338 0.183876 0.516266 0.195191 0.516266 0.202263 0.524752 0.202263 0.544554 0.212164 0.544554 0.219236 0.536068 0.219236 0.543140 0.234795 0.538897 0.241867 0.544554 0.246110 0.558699 0.248939 0.561528 0.253182 0.560113 0.263083 0.564356 0.263083 0.567185 0.267327 0.602546 0.275813 0.612447 0.271570 0.632249 0.234795 0.633663 0.222065 0.625177 0.206506 0.608204 0.188119 0.585573 0.171146 0.550212 0.162659
0 0.545969 0.212164 0.530410 0.206506 0.517680 0.206506 0.517680 0.200849 0.490806 0.212164 0.456860 0.206506 0.444130 0.206506 0.431400 0.212164 0.414427 0.230552 0.398868 0.256011 0.391796 0.274399 0.390382 0.301273 0.403112 0.315417 0.437058 0.332390 0.475248 0.335219 0.531825 0.328147 0.540311 0.319661 0.540311 0.306931 0.555870 0.280057 0.561528 0.258840 0.557284 0.261669 0.545969 0.258840 0.541726 0.261669 0.530410 0.260255 0.530410 0.251768 0.537482 0.248939 0.533239 0.244696 0.540311 0.240453 0.540311 0.234795 0.545969 0.233380
0 0.428571 0.328147 0.403112 0.321075 0.396040 0.312588 0.387553 0.312588 0.384724 0.315417 0.379066 0.312588 0.376238 0.315417 0.371994 0.311174 0.370580 0.316832 0.366337 0.314003 0.360679 0.315417 0.360679 0.321075 0.364922 0.315417 0.367751 0.319661 0.371994 0.315417 0.374823 0.322489 0.381895 0.325318 0.380481 0.330976 0.388967 0.326733 0.394625 0.329562 0.377652 0.340877 0.360679 0.343706 0.353607 0.347949 0.330976 0.370580 0.312588 0.381895 0.309760 0.386139 0.311174 0.396040 0.323904 0.403112 0.336634 0.420085 0.345120 0.420085 0.380481 0.367751 0.393211 0.359264 0.410184 0.355021 0.434229 0.342291 0.435644 0.336634
0 0.237624 0.239038 0.234795 0.247525 0.227723 0.254597 0.210750 0.261669 0.205092 0.267327 0.202263 0.277228 0.205092 0.295615 0.231966 0.308345 0.261669 0.338048 0.267327 0.376238 0.271570 0.380481 0.280057 0.383310 0.308345 0.383310 0.328147 0.371994 0.338048 0.357850 0.339463 0.333805 0.343706 0.322489 0.353607 0.312588 0.369165 0.304102 0.370580 0.298444 0.357850 0.291372 0.349364 0.294201 0.338048 0.292786 0.308345 0.257426 0.287129 0.246110 0.253182 0.236209
4 0.000000 0.251768 0.330976 0.251768 0.330976 0.852900 0.000000 0.852900
1 0.287129 0.335219 0.702970 0.335219 0.702970 0.649222 0.287129 0.649222
5 0.584158 0.158416 0.727016 0.158416 0.727016 0.345120 0.584158 0.345120
5 0.859972 0.551627 0.912306 0.551627 0.912306 0.592645 0.859972 0.592645
5 0.684583 0.649222 0.758133 0.649222 0.758133 0.707214 0.684583 0.707214
5 0.311174 0.196605 0.431400 0.196605 0.431400 0.297030 0.311174 0.297030
5 0.635078 0.642150 0.702970 0.642150 0.702970 0.722772 0.635078 0.722772
5 0.821782 0.565771 0.895332 0.565771 0.895332 0.677511 0.821782 0.677511
5 0.758133 0.562942 0.831683 0.562942 0.831683 0.676096 0.758133 0.676096
5 0.664781 0.536068 0.790665 0.536068 0.790665 0.599717 0.664781 0.599717
5 0.649222 0.574257 0.800566 0.574257 0.800566 0.666195 0.649222 0.666195
5 0.653465 0.336634 1.000000 0.336634 1.000000 0.499293 0.653465 0.499293
6 0.350778 0.674682 0.592645 0.674682 0.592645 0.869873 0.350778 0.869873
0 0.149929 0.377652 0.343564 0.377652 0.343564 0.575672 0.149929 0.575672
0 0.544554 0.272984 0.690240 0.272984 0.690240 0.380481 0.544554 0.380481
0 0.516266 0.162659 0.633663 0.162659 0.633663 0.275813 0.516266 0.275813
0 0.390382 0.200849 0.561528 0.200849 0.561528 0.335219 0.390382 0.335219
0 0.309760 0.311174 0.435644 0.311174 0.435644 0.420085 0.309760 0.420085
0 0.202263 0.236209 0.370580 0.236209 0.370580 0.383310 0.202263 0.383310
