1 0.212891 0.216797 0.470703 0.216797 0.470703 0.403809 0.212891 0.403809
1 0.477214 0.208008 0.755859 0.208008 0.755859 0.393066 0.477214 0.393066
1 0.180339 0.651367 0.557943 0.651367 0.557943 0.860352 0.180339 0.860352
1 0.516927 0.651855 0.835938 0.651855 0.835938 0.856445 0.516927 0.856445
1 0.223958 0.486328 0.501302 0.486328 0.501302 0.657715 0.223958 0.657715
1 0.486979 0.489746 0.767578 0.489746 0.767578 0.663086 0.486979 0.663086
1 0.209635 0.391602 0.521484 0.391602 0.521484 0.494629 0.209635 0.494629
1 0.516276 0.392578 0.767578 0.392578 0.767578 0.490234 0.516276 0.490234
1 0.181641 0.208984 0.833984 0.208984 0.833984 0.859375 0.181641 0.859375
4 0.623698 0.420410 0.864583 0.420410 0.864583 0.539062 0.623698 0.539062
1 0.468750 0.217773 0.462891 0.216797 0.458984 0.218262 0.446615 0.217773 0.440755 0.219238 0.435547 0.217773 0.411458 0.219727 0.400391 0.219238 0.388021 0.221680 0.383464 0.221191 0.373698 0.223145 0.360677 0.223633 0.357422 0.225098 0.339193 0.227539 0.333333 0.229980 0.321615 0.231934 0.308594 0.237305 0.289714 0.242676 0.277344 0.249512 0.266276 0.253906 0.261068 0.259277 0.250651 0.265137 0.236328 0.280273 0.226562 0.295898 0.222005 0.309082 0.222005 0.314453 0.220052 0.319336 0.219401 0.328613 0.213542 0.355957 0.212891 0.374023 0.214844 0.383789 0.220703 0.395020 0.229167 0.402832 0.233073 0.403809 0.240234 0.400879 0.233073 0.395508 0.232422 0.392578 0.225260 0.388672 0.223307 0.384766 0.222656 0.376953 0.224609 0.374023 0.228516 0.355469 0.232422 0.346191 0.231120 0.341309 0.237630 0.333496 0.236979 0.330566 0.244141 0.318359 0.245443 0.308594 0.251302 0.302246 0.251953 0.298828 0.256510 0.291992 0.265625 0.286133 0.270833 0.279297 0.279297 0.273926 0.285156 0.272461 0.292318 0.266602 0.294922 0.262695 0.298828 0.263184 0.303385 0.259766 0.307292 0.259277 0.310547 0.257324 0.315104 0.257812 0.326823 0.251953 0.333984 0.251465 0.345052 0.244629 0.357422 0.239746 0.360026 0.241211 0.365234 0.240723 0.367839 0.236328 0.369792 0.235352 0.381510 0.235840 0.384766 0.233887 0.390625 0.233887 0.404297 0.231445 0.408854 0.232910 0.409505 0.228516 0.412109 0.226562 0.416016 0.229980 0.419271 0.228027 0.422526 0.232910 0.427734 0.232422 0.435547 0.233887 0.437500 0.232422 0.438151 0.227539 0.442708 0.225586 0.447917 0.229004 0.451172 0.229492 0.451823 0.233398 0.467448 0.235352 0.468750 0.228027 0.470703 0.225098
1 0.479818 0.212891 0.477214 0.216309 0.477214 0.218750 0.479167 0.220215 0.477214 0.224609 0.482422 0.226562 0.490234 0.226562 0.494792 0.229980 0.498698 0.230957 0.503906 0.234863 0.505208 0.237305 0.507161 0.237305 0.509115 0.234375 0.513021 0.237793 0.514974 0.237793 0.517578 0.235352 0.520182 0.238281 0.523438 0.238281 0.526042 0.235840 0.527995 0.238281 0.533203 0.240234 0.537760 0.240234 0.539062 0.241211 0.544922 0.240723 0.548177 0.243164 0.554688 0.244629 0.556641 0.248047 0.560547 0.246582 0.563151 0.248535 0.567057 0.248535 0.574870 0.252930 0.580078 0.252441 0.588542 0.256836 0.598958 0.257812 0.606771 0.260742 0.611979 0.260742 0.623047 0.269043 0.630208 0.271973 0.639974 0.279297 0.643229 0.279785 0.651042 0.285645 0.660807 0.289551 0.669922 0.297363 0.675130 0.298828 0.680990 0.305176 0.692057 0.311523 0.696615 0.319824 0.706380 0.327148 0.707031 0.330566 0.718099 0.348145 0.718750 0.352051 0.724609 0.357422 0.723307 0.362305 0.727214 0.368652 0.727214 0.374023 0.731120 0.375488 0.731771 0.377930 0.736328 0.375000 0.738932 0.375977 0.739583 0.377930 0.744792 0.375977 0.749349 0.379883 0.749349 0.381836 0.747396 0.382812 0.745443 0.378906 0.742188 0.379395 0.742839 0.390137 0.747396 0.393066 0.750651 0.390625 0.755859 0.389648 0.755859 0.387695 0.753255 0.384766 0.754557 0.379883 0.751302 0.376953 0.752604 0.372559 0.750651 0.370117 0.748047 0.352539 0.746094 0.349609 0.740885 0.330566 0.736328 0.323242 0.734375 0.316406 0.717448 0.289062 0.710938 0.281738 0.700521 0.273438 0.694661 0.270996 0.673828 0.258301 0.666667 0.255859 0.656901 0.250000 0.648438 0.247559 0.639323 0.242188 0.626953 0.238770 0.623698 0.236328 0.613281 0.233887 0.608724 0.231445 0.599609 0.229492 0.577474 0.222168 0.565104 0.219727 0.557943 0.216797 0.509766 0.208008 0.491536 0.208496 0.491536 0.210449 0.495443 0.212891 0.493490 0.215820 0.493490 0.217773 0.495443 0.219238 0.494141 0.222168 0.491536 0.219238 0.485677 0.220215 0.484375 0.211914 0.482422 0.211426
1 0.209635 0.660645 0.208333 0.665039 0.201823 0.674805 0.202474 0.682617 0.199870 0.692383 0.201172 0.697266 0.196615 0.701172 0.198568 0.703125 0.198568 0.714355 0.197266 0.716309 0.198568 0.720703 0.193359 0.734375 0.188802 0.738770 0.190104 0.745117 0.188151 0.748047 0.187500 0.761719 0.180990 0.787109 0.181641 0.808594 0.180339 0.829590 0.186849 0.845215 0.197917 0.852051 0.216146 0.857422 0.221354 0.857422 0.223958 0.859375 0.236328 0.859375 0.238932 0.860352 0.248698 0.860352 0.251953 0.858887 0.256510 0.859863 0.275391 0.857422 0.294922 0.858398 0.305990 0.856445 0.341797 0.856445 0.363281 0.857910 0.401042 0.857910 0.445312 0.859863 0.483073 0.858887 0.498698 0.855469 0.522786 0.845703 0.527344 0.842773 0.529948 0.836914 0.535156 0.834473 0.537760 0.828613 0.541667 0.826660 0.542318 0.825195 0.540365 0.822754 0.543620 0.820312 0.544271 0.817871 0.549479 0.819336 0.550130 0.817871 0.546875 0.814941 0.551432 0.812012 0.551432 0.806152 0.554036 0.801270 0.554036 0.797852 0.557943 0.795898 0.557943 0.793457 0.553385 0.791504 0.552083 0.789062 0.552734 0.782715 0.548828 0.777344 0.546224 0.778320 0.547526 0.782227 0.546224 0.790039 0.544922 0.791016 0.541016 0.790527 0.537109 0.794434 0.533854 0.791016 0.536458 0.781738 0.536458 0.777832 0.534505 0.774902 0.535156 0.767090 0.537109 0.764160 0.538411 0.765137 0.542318 0.765137 0.542969 0.762695 0.539714 0.761719 0.537109 0.763184 0.533854 0.760254 0.535156 0.746582 0.533203 0.744629 0.534505 0.741699 0.533203 0.735840 0.535156 0.731445 0.531250 0.727539 0.534505 0.724609 0.533854 0.723145 0.531250 0.723145 0.529948 0.724609 0.528646 0.721191 0.529948 0.718750 0.533203 0.718750 0.534505 0.717285 0.533203 0.715332 0.529948 0.715332 0.528646 0.713379 0.529297 0.704590 0.533854 0.700684 0.529297 0.699219 0.527995 0.690430 0.530599 0.687500 0.534505 0.686523 0.534505 0.684570 0.530599 0.681641 0.534505 0.678711 0.534505 0.676270 0.531250 0.675781 0.529948 0.676758 0.526042 0.669922 0.517578 0.667480 0.514323 0.667969 0.502604 0.666016 0.494792 0.661621 0.473958 0.659180 0.431641 0.657715 0.346354 0.651367 0.333984 0.652344 0.321615 0.651855 0.318359 0.652832 0.304688 0.652832 0.302734 0.653809 0.279948 0.651855 0.257161 0.653320 0.227865 0.652344 0.223958 0.653809 0.219401 0.653809
1 0.779297 0.661621 0.762370 0.652832 0.744141 0.651855 0.738281 0.654785 0.714193 0.659180 0.688802 0.659180 0.684896 0.660645 0.656901 0.662109 0.653646 0.663086 0.625651 0.663086 0.615234 0.664551 0.592448 0.665039 0.583333 0.666504 0.563802 0.666504 0.552083 0.668457 0.540365 0.668457 0.532552 0.672852 0.529297 0.673340 0.529297 0.677734 0.526042 0.685059 0.527995 0.690430 0.526693 0.701660 0.527995 0.704590 0.529948 0.752930 0.535807 0.776855 0.533854 0.786133 0.535156 0.791992 0.532552 0.794922 0.530599 0.804199 0.523438 0.809570 0.523438 0.811523 0.527995 0.814941 0.523438 0.817871 0.523438 0.819824 0.516927 0.826172 0.520833 0.826660 0.526693 0.829590 0.524740 0.833008 0.523438 0.843750 0.529948 0.853516 0.540365 0.856445 0.552083 0.856445 0.586589 0.849609 0.623047 0.847168 0.677734 0.840332 0.718750 0.836914 0.745443 0.833008 0.779948 0.830566 0.805339 0.825684 0.819010 0.821289 0.828776 0.816406 0.829427 0.814453 0.833333 0.811523 0.835938 0.802734 0.835938 0.793945 0.834635 0.790527 0.835286 0.778809 0.832682 0.775391 0.832682 0.771973 0.830078 0.767578 0.829427 0.755371 0.825521 0.753418 0.824870 0.749023 0.822266 0.746582 0.820964 0.739258 0.817708 0.736328 0.820964 0.733398 0.820964 0.731445 0.818359 0.729492 0.815104 0.729980 0.813802 0.728516 0.816406 0.726074 0.816406 0.724121 0.811198 0.721191 0.809896 0.716797 0.805339 0.712402 0.802083 0.701172 0.798177 0.698242 0.797526 0.693848 0.790365 0.681641 0.786458 0.669434
1 0.227865 0.493652 0.225911 0.498535 0.223958 0.512695 0.223958 0.577637 0.226562 0.639648 0.227865 0.643555 0.235026 0.646973 0.251302 0.649902 0.279948 0.649414 0.307943 0.650391 0.346354 0.648926 0.425781 0.654297 0.468099 0.655273 0.494141 0.657715 0.500000 0.656250 0.501302 0.645020 0.497396 0.588379 0.492839 0.560059 0.489583 0.549805 0.489583 0.542969 0.485677 0.523926 0.485677 0.513184 0.483073 0.504883 0.479167 0.500000 0.474609 0.498535 0.451172 0.498047 0.436198 0.496094 0.380859 0.496094 0.363281 0.494629 0.334635 0.494629 0.300130 0.492676 0.279297 0.494629 0.267578 0.494629 0.259766 0.492188 0.253906 0.492676 0.248047 0.486328 0.235677 0.489258
1 0.767578 0.497559 0.764974 0.495605 0.760417 0.495605 0.752604 0.497559 0.738932 0.504883 0.735677 0.505371 0.731120 0.509277 0.712240 0.515137 0.703776 0.520020 0.696615 0.530762 0.685547 0.537598 0.664714 0.540527 0.660156 0.542480 0.653646 0.542480 0.639323 0.539062 0.630859 0.533691 0.626953 0.532715 0.618490 0.522461 0.619141 0.518066 0.623047 0.517578 0.630208 0.513184 0.633464 0.509277 0.639974 0.505859 0.642578 0.500488 0.651693 0.498535 0.656250 0.499512 0.667969 0.499023 0.673177 0.500488 0.683594 0.499023 0.687500 0.497559 0.688151 0.493164 0.691406 0.491211 0.691406 0.489746 0.688151 0.489746 0.685547 0.491211 0.682943 0.490234 0.677734 0.491211 0.673828 0.490234 0.669922 0.491699 0.656901 0.492188 0.654948 0.493164 0.620443 0.491699 0.530599 0.492676 0.500651 0.494141 0.489583 0.497070 0.486979 0.500488 0.487630 0.520996 0.490885 0.535645 0.493490 0.558594 0.498698 0.581055 0.499349 0.622070 0.501953 0.650391 0.504557 0.658203 0.509115 0.661133 0.517578 0.663086 0.554036 0.663086 0.611979 0.661133 0.625651 0.659668 0.645833 0.659668 0.681641 0.657715 0.691406 0.656250 0.713542 0.655762 0.723958 0.653809 0.736328 0.647949 0.742839 0.642578 0.748047 0.625000 0.749349 0.609863 0.746094 0.590820 0.756510 0.567383 0.760417 0.553711 0.767578 0.506348
1 0.518880 0.404297 0.514974 0.401855 0.509766 0.395508 0.505859 0.393555 0.496094 0.391602 0.445964 0.393066 0.435547 0.394531 0.352865 0.395020 0.341797 0.396484 0.318359 0.394043 0.305990 0.394043 0.291667 0.395508 0.287109 0.397461 0.274089 0.398438 0.259115 0.401367 0.255208 0.403809 0.251953 0.403809 0.242839 0.406738 0.235026 0.412598 0.229818 0.419922 0.220052 0.439941 0.210286 0.466797 0.209635 0.482422 0.211589 0.489258 0.216797 0.494629 0.225260 0.494141 0.235677 0.487305 0.248047 0.483887 0.267578 0.491211 0.311198 0.490723 0.327474 0.492188 0.444010 0.493652 0.455729 0.494629 0.479167 0.493652 0.494792 0.491211 0.507812 0.491211 0.517578 0.489746 0.521484 0.485840 0.521484 0.480957 0.518229 0.471191 0.518229 0.458496 0.516927 0.456543 0.518880 0.451172 0.517578 0.447754 0.518229 0.441406 0.516276 0.439453 0.518229 0.437500 0.517578 0.431152 0.518880 0.429688 0.518229 0.423340 0.519531 0.418945 0.518229 0.416016 0.520182 0.412109
1 0.767578 0.438965 0.756510 0.421387 0.743490 0.410645 0.740234 0.405762 0.733724 0.404297 0.729167 0.400391 0.720703 0.397461 0.692708 0.392578 0.618490 0.393555 0.585286 0.396484 0.530599 0.398438 0.525391 0.399414 0.521484 0.401855 0.516276 0.414062 0.516276 0.459961 0.521484 0.482422 0.525391 0.487793 0.533203 0.490234 0.583333 0.490234 0.623047 0.488770 0.651042 0.489258 0.671224 0.487305 0.685547 0.487305 0.688151 0.486328 0.699870 0.486816 0.706380 0.488770 0.717448 0.484863 0.736328 0.475098 0.750000 0.465820 0.765625 0.447266
1 0.642578 0.245117 0.639323 0.245117 0.627604 0.239746 0.622396 0.239258 0.611328 0.234863 0.607422 0.234863 0.604167 0.232422 0.585286 0.227539 0.580078 0.225098 0.576823 0.225098 0.565104 0.220703 0.554036 0.219238 0.549479 0.216797 0.522135 0.213379 0.511068 0.210449 0.492188 0.208984 0.486328 0.209961 0.475911 0.216309 0.468099 0.218262 0.437500 0.218262 0.435547 0.219238 0.414714 0.219238 0.396484 0.221680 0.391927 0.221191 0.388672 0.222656 0.372396 0.224609 0.368490 0.224121 0.365234 0.225586 0.361328 0.225098 0.357422 0.226562 0.353516 0.226074 0.349609 0.228027 0.345052 0.228027 0.334635 0.231445 0.330078 0.231445 0.318359 0.236816 0.314453 0.236816 0.311198 0.238770 0.306641 0.239258 0.302083 0.241699 0.298828 0.241699 0.283854 0.247559 0.278646 0.251953 0.275391 0.252930 0.264323 0.260254 0.259766 0.261719 0.257812 0.263184 0.257161 0.267090 0.251953 0.270508 0.248047 0.271484 0.240234 0.278809 0.239583 0.281738 0.230469 0.294434 0.231771 0.299316 0.227865 0.301758 0.226562 0.308105 0.224609 0.310059 0.223307 0.321777 0.220703 0.327637 0.216797 0.347656 0.217448 0.353516 0.215495 0.363770 0.216797 0.368652 0.216146 0.380371 0.218750 0.384766 0.219401 0.389648 0.229167 0.399902 0.239583 0.404297 0.239583 0.406738 0.230469 0.418945 0.224609 0.433594 0.220703 0.438965 0.213542 0.458496 0.210938 0.471191 0.210938 0.483887 0.212240 0.488770 0.214193 0.491699 0.218099 0.494141 0.221354 0.500977 0.223958 0.538574 0.223958 0.577148 0.227865 0.647461 0.225260 0.650879 0.219401 0.652344 0.209635 0.658203 0.204427 0.667480 0.202474 0.674805 0.198568 0.722656 0.189453 0.747559 0.186849 0.768555 0.181641 0.788574 0.181641 0.800293 0.182943 0.804688 0.181641 0.814941 0.182292 0.833496 0.186849 0.843262 0.197266 0.851074 0.203125 0.853516 0.216797 0.856934 0.238281 0.858887 0.273438 0.856934 0.296224 0.857422 0.305990 0.855957 0.352865 0.855957 0.379557 0.857910 0.475260 0.859375 0.489583 0.857910 0.509766 0.851074 0.522135 0.848633 0.533203 0.854980 0.548828 0.856445 0.581380 0.849609 0.606120 0.848145 0.615885 0.846191 0.620443 0.846680 0.628906 0.844727 0.678385 0.839355 0.716797 0.836426 0.754557 0.831543 0.779297 0.830078 0.802083 0.825684 0.819010 0.820801 0.825521 0.817871 0.832031 0.811035 0.832031 0.807129 0.833984 0.803711 0.832682 0.778809 0.824219 0.752441 0.820964 0.747559 0.819010 0.740234 0.813802 0.732910 0.809245 0.720703 0.802083 0.709473 0.799479 0.700684 0.785156 0.669434 0.775391 0.659180 0.763021 0.650391 0.759115 0.645996 0.749349 0.603516 0.749349 0.587402 0.751302 0.579590 0.757161 0.567383 0.762370 0.547852 0.767578 0.508789 0.769531 0.504883 0.769531 0.492188 0.773438 0.488770 0.778646 0.486816 0.779297 0.484863 0.774740 0.483887 0.772135 0.481934 0.767578 0.482910 0.749349 0.482910 0.748047 0.487793 0.746745 0.488281 0.744141 0.486328 0.741536 0.489746 0.743490 0.496094 0.745443 0.495605 0.746094 0.492676 0.748047 0.492188 0.748698 0.497070 0.747396 0.498047 0.739583 0.497070 0.736979 0.498535 0.720703 0.498535 0.715495 0.495605 0.715495 0.493652 0.717448 0.492188 0.719401 0.493164 0.720052 0.495605 0.721354 0.495117 0.720052 0.490723 0.717448 0.488770 0.709635 0.489746 0.710938 0.495605 0.708984 0.497070 0.705729 0.497559 0.701172 0.494141 0.708333 0.490234 0.707682 0.487305 0.708984 0.486328 0.724609 0.483887 0.728516 0.486328 0.731771 0.485352 0.735026 0.486328 0.735026 0.495117 0.736979 0.496094 0.738932 0.489746 0.735677 0.484375 0.734375 0.478027 0.738932 0.474609 0.737630 0.471680 0.740234 0.470215 0.754557 0.468750 0.761719 0.469238 0.765625 0.467773 0.766276 0.456055 0.762370 0.455566 0.759766 0.456543 0.759115 0.455566 0.763672 0.454102 0.766276 0.451660 0.767578 0.441895 0.765625 0.434570 0.759115 0.422852 0.751953 0.416504 0.746745 0.409180 0.746745 0.400879 0.749349 0.397949 0.751302 0.391602 0.751302 0.377930 0.746745 0.357422 0.740234 0.341797 0.735677 0.338379 0.737630 0.334961 0.736328 0.325684 0.731120 0.322754 0.730469 0.317871 0.725260 0.311523 0.721354 0.311035 0.718099 0.307129 0.721354 0.304688 0.722005 0.302246 0.718099 0.298340 0.712891 0.288086 0.705078 0.278809 0.701172 0.278809 0.695312 0.275879 0.691406 0.270996 0.683594 0.268066 0.679688 0.263184 0.674479 0.259766 0.668620 0.260254 0.663411 0.258301 0.658854 0.253418 0.651042 0.250488
4 0.860026 0.447266 0.848958 0.439453 0.839193 0.435547 0.816406 0.423340 0.807943 0.420410 0.798177 0.420410 0.790365 0.424805 0.774089 0.439453 0.748047 0.469238 0.716146 0.487305 0.684245 0.501953 0.679036 0.502930 0.649740 0.501953 0.644531 0.503906 0.625651 0.518555 0.623698 0.525879 0.630859 0.530273 0.636068 0.531250 0.645833 0.536621 0.653646 0.539062 0.663411 0.539062 0.686198 0.535156 0.695312 0.530762 0.697917 0.521973 0.704427 0.516602 0.732422 0.505859 0.743490 0.500000 0.751953 0.497559 0.760417 0.492188 0.791667 0.483398 0.825521 0.477051 0.858073 0.469238 0.861979 0.466797 0.864583 0.461914 0.864583 0.455078
