0 0.510417 0.376465 0.752604 0.376465 0.752604 0.563477 0.510417 0.563477
0 0.302734 0.524902 0.395182 0.524902 0.395182 0.599121 0.302734 0.599121
0 0.283854 0.466309 0.365885 0.466309 0.365885 0.524902 0.283854 0.524902
0 0.531901 0.542969 0.595703 0.542969 0.595703 0.611328 0.531901 0.611328
1 0.151693 0.285156 0.837240 0.285156 0.837240 0.772461 0.151693 0.772461
5 0.675130 0.477539 0.883464 0.477539 0.883464 0.638672 0.675130 0.638672
5 0.551432 0.606445 0.741536 0.606445 0.741536 0.752930 0.551432 0.752930
0 0.674479 0.376465 0.658203 0.376953 0.650391 0.379395 0.647786 0.383301 0.647786 0.393555 0.646484 0.395020 0.643880 0.395996 0.634115 0.395996 0.626302 0.398926 0.622396 0.404297 0.603516 0.416504 0.588542 0.408203 0.575521 0.405273 0.563802 0.404297 0.548177 0.408203 0.543620 0.412598 0.540365 0.413574 0.537109 0.418945 0.531250 0.423340 0.529948 0.426270 0.516276 0.434082 0.510417 0.444824 0.510417 0.450684 0.514323 0.458984 0.533203 0.489258 0.554036 0.514648 0.558594 0.530273 0.563802 0.537598 0.591146 0.554199 0.615234 0.554199 0.624349 0.561035 0.633464 0.563477 0.639974 0.562012 0.645833 0.558594 0.656250 0.547852 0.669922 0.540527 0.681641 0.526855 0.697266 0.515137 0.710286 0.510742 0.720703 0.502930 0.725911 0.502441 0.737630 0.498535 0.741536 0.493164 0.740885 0.481445 0.738281 0.478516 0.738932 0.471191 0.744141 0.467285 0.744792 0.454590 0.750651 0.443848 0.752604 0.429688 0.749349 0.416504 0.744792 0.407715 0.733724 0.397461 0.723958 0.392090 0.706380 0.387207 0.700521 0.383789
0 0.342448 0.524902 0.329427 0.529297 0.326172 0.532227 0.315104 0.538086 0.308594 0.544434 0.305339 0.551758 0.305990 0.560059 0.302734 0.571777 0.302734 0.577148 0.306641 0.584961 0.313802 0.592773 0.322266 0.595703 0.337240 0.598145 0.354167 0.599121 0.358073 0.598145 0.361979 0.594727 0.384766 0.592285 0.392578 0.584961 0.393229 0.579590 0.389323 0.575684 0.390625 0.565430 0.395182 0.553711 0.395182 0.544922 0.391927 0.541016 0.390625 0.533203 0.385417 0.528809 0.372396 0.527832 0.363932 0.529785 0.353516 0.527832 0.347656 0.524902
0 0.361979 0.479980 0.358724 0.484375 0.348958 0.482422 0.345052 0.479004 0.343099 0.470703 0.333984 0.466309 0.324219 0.466309 0.307943 0.470703 0.299479 0.477539 0.291016 0.489746 0.284505 0.504883 0.283854 0.510254 0.285807 0.513672 0.289714 0.516113 0.294271 0.517090 0.298828 0.516602 0.300130 0.518555 0.297526 0.520020 0.298177 0.521973 0.302734 0.520508 0.305339 0.522461 0.315104 0.522949 0.317708 0.524902 0.335286 0.518066 0.342448 0.510742 0.348307 0.508789 0.349609 0.505371 0.353516 0.502441 0.359375 0.502930 0.361979 0.500488 0.364583 0.502441 0.365885 0.501953 0.364583 0.497559 0.361328 0.494141 0.360677 0.485352 0.362630 0.483398
0 0.552734 0.544922 0.548177 0.547852 0.544271 0.547363 0.539062 0.549805 0.531901 0.560059 0.531901 0.569336 0.535156 0.571777 0.531901 0.576660 0.535807 0.577637 0.537109 0.579102 0.543620 0.580078 0.545573 0.582031 0.544271 0.589844 0.541016 0.590332 0.539714 0.591797 0.539714 0.595215 0.538411 0.595703 0.539062 0.600098 0.544922 0.604004 0.552083 0.605957 0.555990 0.609375 0.561198 0.611328 0.571615 0.608398 0.581380 0.603516 0.592448 0.595215 0.595052 0.589355 0.595703 0.580566 0.591146 0.568848 0.591146 0.564453 0.588542 0.560059 0.581380 0.555664 0.581380 0.552734 0.576172 0.549316 0.572266 0.548828 0.569010 0.546387 0.565104 0.546387 0.561198 0.542969
1 0.468750 0.285156 0.465495 0.286621 0.464844 0.295410 0.456380 0.298828 0.435547 0.299805 0.427734 0.302734 0.423177 0.303223 0.406250 0.302246 0.396484 0.304199 0.391927 0.303711 0.384766 0.313965 0.382812 0.322754 0.377604 0.326660 0.371094 0.327637 0.363281 0.326172 0.358724 0.321777 0.353516 0.321289 0.344401 0.330078 0.341797 0.336426 0.334635 0.342285 0.327474 0.345703 0.321615 0.357422 0.310547 0.365723 0.304688 0.367676 0.298177 0.376465 0.296224 0.381348 0.290365 0.385742 0.286458 0.386719 0.275391 0.386719 0.252604 0.392090 0.247396 0.397949 0.239583 0.401367 0.235026 0.401855 0.232422 0.403320 0.221354 0.403809 0.216146 0.407715 0.214844 0.419922 0.210938 0.424805 0.208984 0.430664 0.194661 0.441406 0.188802 0.448242 0.184896 0.457520 0.180339 0.460938 0.178385 0.464355 0.171875 0.467773 0.166016 0.473633 0.164714 0.480469 0.158203 0.491699 0.156901 0.498535 0.152995 0.502441 0.151693 0.508789 0.152344 0.525391 0.156901 0.529785 0.168620 0.535645 0.171875 0.541016 0.175130 0.543457 0.188802 0.546875 0.192057 0.548828 0.186849 0.578613 0.181641 0.583984 0.179688 0.592285 0.184245 0.597168 0.184245 0.604492 0.188151 0.611816 0.190104 0.624023 0.195312 0.628906 0.199870 0.636230 0.208984 0.641113 0.221354 0.639648 0.229167 0.645508 0.231771 0.650391 0.235677 0.651367 0.249349 0.661133 0.252604 0.667969 0.279948 0.675781 0.287760 0.676758 0.291667 0.675293 0.294922 0.677734 0.293620 0.682129 0.296224 0.689453 0.294922 0.696289 0.296224 0.700684 0.301432 0.706055 0.305990 0.707520 0.309896 0.710449 0.310547 0.712891 0.317708 0.718750 0.326172 0.721680 0.341146 0.730957 0.360677 0.738770 0.375651 0.738770 0.407552 0.735352 0.426432 0.738770 0.432292 0.737793 0.439453 0.734863 0.447917 0.734375 0.465495 0.740723 0.467448 0.744141 0.470703 0.746094 0.484375 0.749512 0.489583 0.751953 0.498698 0.752930 0.507812 0.749512 0.513021 0.749512 0.522786 0.755371 0.525391 0.762695 0.531250 0.768066 0.532552 0.771484 0.542969 0.772461 0.547526 0.770996 0.549479 0.768555 0.553385 0.768066 0.557943 0.764648 0.560547 0.761230 0.561849 0.749512 0.560547 0.744629 0.557943 0.742676 0.554688 0.736816 0.551432 0.727051 0.551432 0.722656 0.549479 0.720703 0.549479 0.715332 0.545573 0.708984 0.546224 0.701660 0.544922 0.697266 0.540365 0.696777 0.537109 0.698730 0.534505 0.698242 0.528646 0.692871 0.529297 0.689453 0.526042 0.690918 0.522135 0.688965 0.517578 0.690430 0.514323 0.687500 0.504557 0.687500 0.501953 0.688965 0.500000 0.687988 0.494792 0.688965 0.490885 0.687988 0.486979 0.688965 0.483073 0.687988 0.470703 0.688965 0.463542 0.683594 0.460286 0.686523 0.455729 0.686523 0.451823 0.672363 0.442708 0.673340 0.438802 0.675781 0.435547 0.680664 0.427734 0.684082 0.420573 0.683105 0.416667 0.681152 0.412109 0.683105 0.408203 0.682617 0.401042 0.678223 0.396484 0.680664 0.394531 0.679688 0.389323 0.680664 0.384115 0.679688 0.379557 0.682129 0.373698 0.680664 0.368490 0.677246 0.364583 0.680664 0.360026 0.677734 0.358073 0.673340 0.352865 0.673828 0.348958 0.672852 0.345703 0.673828 0.342448 0.671875 0.330078 0.671387 0.326823 0.665039 0.322917 0.662109 0.319010 0.661133 0.319010 0.657715 0.314453 0.657227 0.311849 0.648438 0.307292 0.645020 0.304036 0.645508 0.303385 0.642090 0.298828 0.642578 0.291667 0.638184 0.287109 0.639648 0.283203 0.638184 0.279948 0.639160 0.274740 0.638184 0.272786 0.639648 0.267578 0.640625 0.263021 0.637695 0.260417 0.629883 0.258464 0.630859 0.257812 0.636230 0.255859 0.637695 0.251953 0.636230 0.248698 0.630859 0.251302 0.618652 0.248047 0.617676 0.245443 0.614258 0.243490 0.614258 0.239583 0.618652 0.235026 0.613770 0.235677 0.601562 0.234375 0.594727 0.236979 0.584473 0.236328 0.578613 0.240885 0.564453 0.245443 0.558594 0.251302 0.554199 0.259766 0.553223 0.258464 0.548340 0.260417 0.546875 0.261719 0.541504 0.264974 0.536621 0.269531 0.520508 0.272135 0.518555 0.272135 0.517578 0.268229 0.518555 0.264323 0.513184 0.264323 0.508301 0.259766 0.501465 0.261068 0.497559 0.266276 0.491211 0.267578 0.485840 0.271484 0.483398 0.279948 0.472168 0.280599 0.467285 0.283203 0.462402 0.287760 0.459473 0.289062 0.455078 0.292969 0.452148 0.294271 0.448730 0.306641 0.438477 0.317057 0.434082 0.324870 0.434082 0.333333 0.431152 0.338542 0.432617 0.348307 0.430664 0.365234 0.432129 0.369141 0.434082 0.385417 0.434082 0.392578 0.432617 0.398438 0.428711 0.399089 0.424316 0.404297 0.421387 0.408854 0.415527 0.416667 0.414551 0.420573 0.413086 0.424479 0.409668 0.428385 0.410645 0.431641 0.408691 0.436198 0.409180 0.438802 0.407227 0.443359 0.408203 0.447266 0.407715 0.451172 0.409668 0.455078 0.407227 0.458984 0.407227 0.462891 0.405273 0.464844 0.396973 0.468750 0.390625 0.473958 0.386719 0.486979 0.384277 0.496094 0.384766 0.501953 0.382812 0.513672 0.383789 0.517578 0.381836 0.525391 0.382324 0.533203 0.379883 0.537109 0.380371 0.541016 0.378418 0.545573 0.378906 0.549479 0.376465 0.555990 0.376953 0.559245 0.379395 0.563802 0.379883 0.570964 0.384766 0.571615 0.386719 0.590495 0.389648 0.596354 0.388184 0.606771 0.393066 0.610677 0.399902 0.615234 0.399414 0.619141 0.400391 0.623698 0.396973 0.628255 0.396973 0.641927 0.392578 0.644531 0.389648 0.644531 0.385254 0.650391 0.376465 0.658854 0.374512 0.673828 0.374512 0.688802 0.376953 0.692708 0.379883 0.705078 0.383789 0.708984 0.383789 0.716797 0.389160 0.728516 0.392090 0.740234 0.398926 0.742839 0.404297 0.748698 0.408203 0.750651 0.416016 0.753255 0.419922 0.763021 0.424805 0.763021 0.428711 0.760417 0.431641 0.762370 0.436523 0.764323 0.437988 0.776042 0.438477 0.777995 0.439453 0.783203 0.437500 0.788411 0.437988 0.793620 0.436523 0.799479 0.429688 0.807292 0.426758 0.819010 0.425781 0.822266 0.423828 0.826172 0.424316 0.830729 0.419434 0.832031 0.406738 0.835938 0.397461 0.837240 0.388672 0.834635 0.382812 0.827474 0.375977 0.821615 0.374023 0.812500 0.373535 0.800781 0.370117 0.788411 0.360840 0.783854 0.359863 0.779297 0.355957 0.771484 0.353027 0.763672 0.353027 0.754557 0.356445 0.743490 0.356445 0.738932 0.357910 0.733073 0.356445 0.705729 0.356445 0.696615 0.349121 0.694010 0.336914 0.690104 0.330566 0.684245 0.325195 0.678385 0.322754 0.673828 0.322754 0.667318 0.327148 0.661458 0.329102 0.651042 0.328613 0.631510 0.324219 0.621094 0.316406 0.608073 0.311035 0.593750 0.309082 0.585286 0.309082 0.575521 0.302246 0.567708 0.301758 0.564453 0.302734 0.560547 0.306641 0.552083 0.307617 0.544922 0.304199 0.534505 0.302734 0.528646 0.297852 0.513672 0.292969 0.503255 0.293457 0.496745 0.290527 0.490234 0.290039 0.482422 0.286133
5 0.856120 0.477539 0.805990 0.478027 0.791016 0.481934 0.777995 0.487793 0.766927 0.490723 0.755208 0.497070 0.751302 0.497559 0.748698 0.499512 0.744792 0.500000 0.733073 0.505371 0.721354 0.508301 0.711589 0.512207 0.708333 0.514648 0.703125 0.515625 0.689453 0.524414 0.684896 0.530762 0.680990 0.533203 0.675781 0.541504 0.675130 0.548828 0.680339 0.556152 0.733724 0.596680 0.735026 0.599609 0.740234 0.603516 0.743490 0.608398 0.748047 0.610352 0.751953 0.614258 0.762370 0.618652 0.766276 0.623535 0.771484 0.625488 0.781250 0.632324 0.791016 0.636719 0.798828 0.638672 0.817708 0.637207 0.835286 0.632812 0.847656 0.623047 0.855469 0.613281 0.861328 0.608887 0.873698 0.603027 0.879557 0.594727 0.882161 0.584473 0.883464 0.569336 0.882161 0.546875 0.876302 0.533203 0.873047 0.507324 0.867839 0.493652 0.866536 0.485352 0.863932 0.481445
5 0.735677 0.657715 0.724609 0.649902 0.714193 0.645020 0.686849 0.624512 0.662760 0.612305 0.654297 0.609375 0.639974 0.606445 0.633464 0.606445 0.615234 0.615723 0.602214 0.615234 0.598958 0.619141 0.587891 0.621094 0.583984 0.628418 0.576172 0.634766 0.572266 0.640137 0.568359 0.651367 0.563151 0.656738 0.561198 0.662109 0.556641 0.668457 0.554036 0.678711 0.551432 0.697266 0.552734 0.716309 0.557292 0.733398 0.563802 0.744629 0.570312 0.748047 0.583333 0.750488 0.599609 0.750000 0.614583 0.752930 0.625651 0.751465 0.647135 0.750977 0.688151 0.737305 0.694010 0.733887 0.701172 0.734863 0.718099 0.724121 0.725911 0.714844 0.741536 0.671387 0.741536 0.665039
