0 0.133598 0.440724 0.219577 0.440724 0.219577 0.500744 0.133598 0.500744
0 0.150132 0.502232 0.241733 0.502232 0.241733 0.595734 0.150132 0.595734
0 0.218915 0.363839 0.428902 0.363839 0.428902 0.514881 0.218915 0.514881
1 0.316468 0.289931 0.803902 0.289931 0.803902 0.560268 0.316468 0.560268
0 0.156746 0.522817 0.398810 0.522817 0.398810 0.698165 0.156746 0.698165
0 0.485780 0.563244 0.742725 0.563244 0.742725 0.753720 0.485780 0.753720
4 0.575728 0.694692 0.722553 0.694692 0.722553 1.000000 0.575728 1.000000
0 0.186508 0.288938 0.303902 0.288938 0.303902 0.348710 0.186508 0.348710
0 0.446759 0.507688 0.583003 0.507688 0.583003 0.615327 0.446759 0.615327
1 0.672619 0.513393 0.830026 0.513393 0.830026 0.703869 0.672619 0.703869
0 0.055886 0.345486 0.255952 0.345486 0.255952 0.447421 0.055886 0.447421
0 0.438492 0.238591 0.671296 0.238591 0.671296 0.409226 0.438492 0.409226
0 0.333664 0.230407 0.480489 0.230407 0.480489 0.279762 0.333664 0.279762
0 0.346230 0.267361 0.453373 0.267361 0.453373 0.335813 0.346230 0.335813
0 0.296958 0.289187 0.401455 0.289187 0.401455 0.369048 0.296958 0.369048
0 0.288360 0.356151 0.430556 0.356151 0.430556 0.413194 0.288360 0.413194
0 0.154101 0.440724 0.152447 0.442956 0.151455 0.446429 0.148148 0.452381 0.140873 0.462054 0.139220 0.467014 0.133598 0.477927 0.133598 0.484623 0.134590 0.489831 0.137235 0.494792 0.141204 0.499504 0.142857 0.500496 0.146825 0.500744 0.150794 0.499008 0.154431 0.496280 0.159061 0.494296 0.170966 0.496776 0.173611 0.498512 0.177910 0.499008 0.181548 0.500248 0.185185 0.500496 0.190807 0.499752 0.201720 0.500744 0.206349 0.497768 0.205026 0.494048 0.208333 0.492808 0.212632 0.493800 0.212632 0.494544 0.210317 0.496528 0.210317 0.498760 0.212302 0.499504 0.216601 0.499504 0.217593 0.498760 0.217593 0.492560 0.216270 0.487103 0.214286 0.485615 0.214286 0.482639 0.212302 0.478175 0.214616 0.475446 0.215939 0.470486 0.216270 0.466270 0.215608 0.462302 0.217262 0.458581 0.217923 0.454117 0.219577 0.450893 0.218915 0.446677 0.217593 0.445933 0.205026 0.445933 0.201389 0.446677 0.192130 0.446925 0.188161 0.447669 0.185185 0.448909 0.177910 0.446429 0.174603 0.446181 0.170966 0.444196 0.166997 0.443204 0.161706 0.440724
0 0.237103 0.505208 0.231151 0.503472 0.221892 0.502232 0.209656 0.503720 0.185185 0.503968 0.183201 0.503224 0.180886 0.503224 0.177249 0.504960 0.173942 0.509177 0.171958 0.516121 0.169974 0.519097 0.162698 0.524058 0.158069 0.525546 0.150132 0.532738 0.150463 0.536706 0.155754 0.545139 0.157407 0.552331 0.157738 0.557292 0.163360 0.565476 0.165344 0.572421 0.169974 0.580357 0.171627 0.591022 0.174272 0.593998 0.178902 0.595486 0.185847 0.595734 0.189153 0.591766 0.191138 0.587054 0.191138 0.580605 0.189153 0.576637 0.188492 0.573165 0.188492 0.564980 0.191138 0.561508 0.191468 0.560020 0.186177 0.552579 0.186177 0.548363 0.188492 0.544643 0.189153 0.540923 0.193122 0.538690 0.196759 0.533730 0.198743 0.528026 0.203704 0.523313 0.208995 0.521329 0.216601 0.519593 0.228505 0.518601 0.232804 0.517113 0.241733 0.510169 0.241733 0.508929 0.240410 0.507192
0 0.420304 0.376736 0.414352 0.375496 0.392857 0.373512 0.389220 0.371280 0.386574 0.370536 0.383929 0.370536 0.380291 0.372768 0.377315 0.373512 0.372354 0.373512 0.370040 0.372768 0.364749 0.373512 0.354497 0.371776 0.348214 0.372272 0.343585 0.371032 0.341601 0.369544 0.337302 0.369296 0.334656 0.368552 0.329365 0.368552 0.326058 0.366567 0.324074 0.364335 0.322751 0.363839 0.320106 0.364335 0.319444 0.365575 0.320106 0.369048 0.317460 0.372768 0.314153 0.374008 0.310847 0.376736 0.309854 0.378720 0.306878 0.381200 0.306217 0.384673 0.303571 0.390625 0.298611 0.392609 0.291997 0.396825 0.288690 0.401042 0.286706 0.402530 0.282407 0.403770 0.278108 0.406002 0.264550 0.411210 0.262566 0.413938 0.262235 0.416419 0.260582 0.419643 0.256944 0.422371 0.251323 0.424355 0.248016 0.427827 0.243056 0.431052 0.241733 0.436012 0.234788 0.439732 0.231481 0.445933 0.228505 0.447421 0.226852 0.450645 0.220569 0.454861 0.219246 0.459821 0.219246 0.464534 0.220238 0.467014 0.218915 0.474454 0.219246 0.486111 0.220899 0.489583 0.223214 0.490823 0.225198 0.493056 0.227513 0.493552 0.229497 0.494792 0.228505 0.497520 0.229497 0.497768 0.231812 0.496280 0.233466 0.497768 0.235119 0.498264 0.240410 0.498016 0.243717 0.499256 0.247354 0.499504 0.252315 0.503472 0.262235 0.507688 0.263558 0.509425 0.265542 0.510417 0.271495 0.512153 0.275132 0.514385 0.284061 0.514881 0.289352 0.513145 0.295966 0.512153 0.302249 0.510169 0.306217 0.507440 0.311508 0.506448 0.319114 0.503720 0.322751 0.500744 0.326720 0.495040 0.326058 0.486855 0.323082 0.484375 0.320106 0.477679 0.318122 0.463046 0.313492 0.459573 0.310847 0.453869 0.307540 0.453125 0.302579 0.453621 0.294974 0.453125 0.292659 0.451885 0.292659 0.450645 0.295304 0.449405 0.302579 0.449157 0.305225 0.449901 0.308862 0.449901 0.317460 0.448661 0.326720 0.448165 0.333664 0.446429 0.340278 0.443948 0.349868 0.436260 0.352513 0.428819 0.355820 0.426339 0.361111 0.424603 0.362434 0.423611 0.361111 0.420387 0.358135 0.416915 0.357804 0.415179 0.359127 0.412946 0.364749 0.410218 0.372024 0.408730 0.376323 0.408730 0.382937 0.409722 0.391534 0.412946 0.398810 0.413442 0.405093 0.413194 0.412037 0.410714 0.416667 0.406994 0.420966 0.404762 0.428571 0.396081 0.428902 0.392609 0.427579 0.390377 0.424272 0.389881 0.423280 0.388889 0.422619 0.380208
1 0.316468 0.452629 0.316468 0.455605 0.318452 0.457589 0.325397 0.461806 0.326720 0.462054 0.329696 0.461310 0.333333 0.462550 0.338955 0.466518 0.342923 0.474702 0.343585 0.486607 0.345238 0.490327 0.351190 0.498264 0.353836 0.500000 0.364418 0.502232 0.366402 0.503968 0.367394 0.505952 0.368386 0.514385 0.369378 0.515129 0.372024 0.515625 0.377315 0.520585 0.388889 0.524554 0.391865 0.528522 0.399471 0.532986 0.400463 0.536706 0.404101 0.536954 0.407407 0.546875 0.413360 0.553571 0.415675 0.555060 0.424934 0.555060 0.428241 0.552827 0.431217 0.552827 0.432540 0.550595 0.435516 0.549603 0.438823 0.547123 0.459656 0.547371 0.464286 0.546875 0.469246 0.544147 0.470899 0.538690 0.474206 0.536954 0.475198 0.537450 0.477513 0.541419 0.477183 0.544643 0.477844 0.545387 0.479167 0.545387 0.482143 0.542411 0.485450 0.544643 0.486442 0.544643 0.488426 0.542163 0.490079 0.541171 0.490741 0.539187 0.494378 0.538442 0.495370 0.537698 0.495701 0.534970 0.496362 0.534474 0.499669 0.534226 0.501323 0.532490 0.502976 0.532986 0.502646 0.534474 0.500661 0.535962 0.501323 0.538194 0.503307 0.537946 0.505291 0.535962 0.506283 0.535962 0.508929 0.537946 0.510913 0.537698 0.511243 0.535962 0.508267 0.534226 0.508267 0.532738 0.511243 0.530754 0.513228 0.528274 0.514881 0.529762 0.514550 0.532986 0.515212 0.533978 0.515212 0.536954 0.516534 0.538442 0.518519 0.538690 0.521825 0.537946 0.523810 0.538690 0.527447 0.538690 0.529101 0.538194 0.530093 0.536954 0.529101 0.532738 0.525794 0.532490 0.526124 0.529018 0.530423 0.525794 0.531085 0.522817 0.532738 0.521329 0.533069 0.518353 0.533730 0.517857 0.535053 0.518353 0.537698 0.518105 0.539021 0.516121 0.541997 0.514881 0.543320 0.513393 0.542659 0.511409 0.540013 0.509921 0.541336 0.506696 0.540344 0.501488 0.541336 0.500744 0.544643 0.501488 0.546627 0.499752 0.550595 0.499256 0.557870 0.500496 0.561177 0.501984 0.561839 0.503472 0.562169 0.509921 0.564484 0.512401 0.569775 0.514385 0.572421 0.514633 0.575728 0.513393 0.577712 0.514385 0.580026 0.517609 0.579365 0.522073 0.580357 0.523562 0.582011 0.523313 0.583664 0.521081 0.584656 0.521825 0.583664 0.525298 0.584987 0.530258 0.587302 0.531250 0.592923 0.531250 0.594577 0.532490 0.595238 0.536954 0.595899 0.537450 0.599206 0.536706 0.602844 0.538194 0.607143 0.537450 0.609788 0.539187 0.614418 0.540427 0.616402 0.540427 0.618717 0.538442 0.618717 0.532242 0.619709 0.528770 0.618056 0.527282 0.616733 0.523810 0.614087 0.522073 0.612765 0.519345 0.609788 0.519345 0.608796 0.522073 0.607143 0.523065 0.605820 0.521081 0.605820 0.518601 0.608135 0.518105 0.612103 0.515625 0.614418 0.515625 0.614418 0.512153 0.612103 0.509921 0.615741 0.508185 0.620040 0.508681 0.620701 0.508185 0.620701 0.505208 0.618386 0.503472 0.618056 0.501736 0.619709 0.500744 0.625661 0.501240 0.623677 0.508185 0.621693 0.508929 0.620040 0.510665 0.617063 0.511161 0.615741 0.512897 0.615741 0.514633 0.616402 0.515129 0.620040 0.515129 0.621032 0.514633 0.622354 0.511905 0.623677 0.512897 0.626323 0.525050 0.625331 0.528274 0.625661 0.531002 0.628307 0.531746 0.630291 0.533730 0.631614 0.533482 0.632937 0.532242 0.635913 0.532242 0.638558 0.533730 0.639550 0.533730 0.641534 0.532490 0.642857 0.532490 0.643519 0.533978 0.641204 0.535466 0.641204 0.537946 0.641865 0.538690 0.643188 0.538938 0.644511 0.538442 0.645503 0.536706 0.646495 0.536458 0.648479 0.539435 0.654101 0.539435 0.656415 0.541171 0.655754 0.547123 0.653770 0.548115 0.653770 0.549355 0.655754 0.550099 0.656415 0.556052 0.662037 0.557292 0.663360 0.554812 0.669974 0.554315 0.676587 0.559276 0.679563 0.560268 0.682209 0.560268 0.683532 0.558532 0.686839 0.557292 0.686839 0.554563 0.684524 0.553323 0.685847 0.551835 0.686839 0.552331 0.687169 0.554067 0.687831 0.554315 0.690146 0.554067 0.692460 0.551091 0.694114 0.551091 0.696429 0.552827 0.697751 0.552827 0.698743 0.550347 0.702050 0.550347 0.704034 0.551339 0.704365 0.552579 0.705688 0.552579 0.706019 0.550843 0.709656 0.549107 0.710979 0.546627 0.712632 0.545635 0.713294 0.544643 0.712963 0.541667 0.716601 0.540923 0.718254 0.539435 0.720899 0.538938 0.722884 0.536210 0.725860 0.533978 0.726852 0.531994 0.729497 0.530010 0.730489 0.527778 0.735119 0.525050 0.739087 0.524058 0.743056 0.521825 0.743717 0.517609 0.747354 0.516121 0.748677 0.513641 0.750000 0.514385 0.752315 0.514633 0.755291 0.514137 0.759921 0.514633 0.760913 0.514137 0.760913 0.512153 0.757937 0.510417 0.757937 0.509425 0.759259 0.508433 0.760582 0.508185 0.761574 0.508929 0.761905 0.510665 0.764881 0.511905 0.766534 0.514881 0.769841 0.516617 0.770833 0.518353 0.772156 0.518105 0.772817 0.516369 0.774140 0.515625 0.776786 0.515873 0.778770 0.518353 0.779762 0.518105 0.780093 0.515873 0.779431 0.513889 0.781085 0.511657 0.780423 0.505456 0.781415 0.504464 0.782407 0.501240 0.784061 0.500992 0.786376 0.502976 0.787368 0.502976 0.789021 0.500496 0.792989 0.498264 0.793651 0.496528 0.795635 0.494792 0.795635 0.493056 0.793651 0.491071 0.793651 0.489831 0.795966 0.488095 0.796958 0.485367 0.798942 0.484375 0.802249 0.484127 0.803902 0.482143 0.803571 0.477927 0.800926 0.475446 0.799934 0.472470 0.798280 0.471974 0.796958 0.469742 0.792659 0.467758 0.792328 0.466270 0.788690 0.464286 0.787368 0.454365 0.781415 0.450397 0.780093 0.446925 0.776455 0.444940 0.776124 0.443452 0.774140 0.441716 0.772817 0.438492 0.771164 0.436756 0.766204 0.433532 0.763889 0.430556 0.760582 0.429067 0.757937 0.426587 0.756944 0.423859 0.755291 0.422371 0.752315 0.421627 0.747685 0.418155 0.744709 0.417163 0.741071 0.414931 0.733466 0.412946 0.729828 0.410962 0.727513 0.408978 0.726190 0.404762 0.724206 0.401538 0.714616 0.397569 0.712302 0.395337 0.710979 0.392857 0.710317 0.384177 0.712302 0.380952 0.712302 0.379712 0.709656 0.372272 0.708664 0.363839 0.707672 0.362351 0.705026 0.361855 0.704034 0.360863 0.705688 0.357887 0.703042 0.354663 0.702381 0.352183 0.700397 0.349950 0.699735 0.347718 0.696759 0.347222 0.695106 0.345734 0.695437 0.343750 0.698413 0.342262 0.697421 0.341022 0.693783 0.342014 0.690146 0.339038 0.688492 0.339038 0.686839 0.340278 0.686177 0.344990 0.686839 0.346478 0.686839 0.350694 0.688161 0.352183 0.691138 0.352183 0.693122 0.350446 0.693783 0.350942 0.694775 0.353919 0.692791 0.357391 0.690807 0.355655 0.687831 0.355903 0.686177 0.357887 0.685185 0.357887 0.682540 0.355407 0.681217 0.355655 0.678241 0.357887 0.676587 0.357887 0.667989 0.355159 0.661706 0.355655 0.658069 0.354415 0.656746 0.353175 0.656415 0.350942 0.653770 0.349702 0.653439 0.347470 0.654762 0.345982 0.653439 0.345982 0.653108 0.347222 0.649140 0.347470 0.646825 0.350942 0.645172 0.350198 0.643849 0.348462 0.641865 0.348462 0.640873 0.349950 0.640873 0.353175 0.639220 0.358135 0.637897 0.358879 0.635582 0.357639 0.634259 0.357887 0.631283 0.361359 0.631614 0.366071 0.630952 0.367063 0.627315 0.368552 0.624669 0.374008 0.621032 0.375496 0.617394 0.378224 0.616733 0.380704 0.615410 0.382192 0.614087 0.382192 0.612103 0.381200 0.610780 0.381696 0.608796 0.385417 0.608135 0.388889 0.607474 0.389385 0.603175 0.388889 0.595569 0.392857 0.593254 0.393353 0.592593 0.393849 0.592593 0.395585 0.591270 0.396825 0.588624 0.396329 0.587632 0.396825 0.584656 0.401042 0.583664 0.404266 0.580357 0.404762 0.579034 0.406994 0.575728 0.409722 0.571759 0.410218 0.568452 0.412202 0.563823 0.411458 0.560847 0.412946 0.557870 0.412202 0.552910 0.412946 0.548611 0.411458 0.545635 0.412450 0.541667 0.411458 0.537698 0.411706 0.535053 0.409722 0.529431 0.407490 0.513228 0.404762 0.510251 0.403770 0.505622 0.403522 0.491402 0.397569 0.483135 0.395833 0.478505 0.392609 0.476521 0.390377 0.468915 0.388145 0.466601 0.386409 0.457672 0.383681 0.454696 0.381944 0.444775 0.379960 0.443783 0.379216 0.443122 0.377232 0.440807 0.377976 0.439153 0.377728 0.438492 0.376736 0.439153 0.374504 0.438492 0.368056 0.440146 0.365575 0.440146 0.364335 0.434524 0.359127 0.432870 0.355655 0.430556 0.353671 0.432209 0.353175 0.435185 0.354167 0.437831 0.351935 0.443452 0.349950 0.446429 0.351190 0.448082 0.351190 0.451058 0.349702 0.453373 0.350198 0.458664 0.349950 0.461310 0.353919 0.458995 0.355903 0.454365 0.356647 0.454034 0.357887 0.462632 0.358135 0.463955 0.357143 0.463955 0.354167 0.466601 0.351687 0.467923 0.348958 0.466601 0.347222 0.461971 0.347470 0.460648 0.346478 0.460648 0.344494 0.461640 0.343750 0.464616 0.343254 0.466601 0.340278 0.469577 0.342758 0.472884 0.342510 0.475529 0.340278 0.476190 0.337302 0.478175 0.336062 0.482143 0.336062 0.484458 0.333829 0.484127 0.328869 0.483135 0.326637 0.483135 0.321429 0.481151 0.315972 0.479497 0.314732 0.482143 0.311260 0.482474 0.306548 0.481481 0.299851 0.474868 0.296627 0.471561 0.296379 0.469907 0.295139 0.467593 0.290675 0.466270 0.289931 0.462302 0.290179 0.458995 0.294395 0.455357 0.296875 0.454365 0.300595 0.454696 0.307044 0.453373 0.313244 0.451720 0.314980 0.450728 0.317708 0.447421 0.318452 0.446429 0.321677 0.442791 0.325149 0.439815 0.324901 0.439484 0.327381 0.440807 0.329861 0.438823 0.331845 0.438161 0.337302 0.434854 0.340526 0.430886 0.340774 0.427910 0.343998 0.424272 0.345238 0.415675 0.345238 0.411376 0.345982 0.410384 0.346726 0.406746 0.346726 0.405754 0.348214 0.405754 0.349950 0.404431 0.351190 0.401455 0.351935 0.399140 0.354663 0.396825 0.356151 0.392857 0.356895 0.393188 0.358383 0.400794 0.358135 0.402778 0.356399 0.404762 0.356151 0.405754 0.357887 0.404762 0.361607 0.403439 0.362599 0.399471 0.363095 0.398479 0.364087 0.398479 0.368552 0.397487 0.371032 0.396164 0.371776 0.393849 0.370784 0.392196 0.370784 0.390212 0.372272 0.390212 0.373512 0.391865 0.374256 0.395503 0.373760 0.401455 0.374008 0.404431 0.372768 0.405754 0.374008 0.408399 0.374752 0.412368 0.374504 0.415675 0.375496 0.419974 0.375248 0.421627 0.376488 0.420635 0.381448 0.422619 0.385169 0.421958 0.389385 0.424272 0.390625 0.427910 0.390377 0.431217 0.391617 0.435516 0.391617 0.436177 0.392857 0.434854 0.393849 0.431878 0.394593 0.430886 0.396825 0.429233 0.398313 0.423611 0.401290 0.421627 0.405010 0.418981 0.407242 0.415344 0.407986 0.413360 0.412202 0.411376 0.413442 0.408069 0.413442 0.404101 0.414931 0.402116 0.414435 0.396164 0.414931 0.391204 0.413690 0.389881 0.412698 0.388228 0.408978 0.384259 0.408234 0.381614 0.408978 0.378307 0.408978 0.371693 0.407738 0.368717 0.407986 0.365741 0.411706 0.364749 0.414435 0.362434 0.416171 0.362103 0.420139 0.362765 0.421379 0.364749 0.422371 0.365079 0.424107 0.361772 0.424851 0.357143 0.428819 0.353505 0.429563 0.352513 0.431796 0.352844 0.435020 0.350198 0.438740 0.349206 0.439236 0.345238 0.438988 0.343254 0.442708 0.341270 0.444196 0.337632 0.444940 0.334325 0.447669 0.330026 0.447421 0.326720 0.449157 0.322090 0.448661 0.317460 0.451389
0 0.204696 0.525546 0.200397 0.532490 0.198413 0.537202 0.197751 0.540179 0.198082 0.548611 0.196429 0.552827 0.195106 0.561508 0.192130 0.567460 0.192460 0.575397 0.194444 0.579861 0.194775 0.587550 0.193783 0.590774 0.189484 0.596230 0.188161 0.600198 0.184854 0.605159 0.173280 0.616319 0.168651 0.622520 0.165344 0.625744 0.161045 0.638145 0.157407 0.645337 0.156746 0.651538 0.157738 0.654514 0.172288 0.662450 0.179894 0.664435 0.189153 0.668651 0.206019 0.674355 0.213955 0.678323 0.237103 0.683532 0.254960 0.689732 0.263558 0.689732 0.269841 0.686508 0.275794 0.682540 0.281415 0.681796 0.283730 0.680556 0.285384 0.681300 0.285384 0.682044 0.282407 0.683532 0.282407 0.686756 0.285384 0.689236 0.285714 0.692212 0.286706 0.693452 0.286045 0.696925 0.294312 0.697421 0.296958 0.698165 0.311839 0.697917 0.317130 0.696925 0.329696 0.696925 0.328373 0.693452 0.328704 0.689980 0.329696 0.688988 0.332341 0.690228 0.333333 0.692956 0.334325 0.693452 0.340608 0.693452 0.344246 0.695188 0.355820 0.693700 0.364087 0.690228 0.365079 0.689236 0.364749 0.688492 0.361772 0.687252 0.351852 0.686260 0.345569 0.686508 0.344577 0.685764 0.343915 0.673859 0.345899 0.670883 0.349206 0.670883 0.350860 0.669643 0.350198 0.666667 0.354167 0.664435 0.357804 0.664187 0.358796 0.664931 0.359458 0.669395 0.360450 0.670139 0.364418 0.670883 0.365741 0.670635 0.366071 0.669395 0.363426 0.668403 0.362434 0.667163 0.362434 0.661954 0.366402 0.658482 0.368717 0.657738 0.373677 0.657738 0.381614 0.654266 0.389550 0.646577 0.390873 0.642113 0.394180 0.638641 0.394180 0.634921 0.396164 0.630456 0.394511 0.621280 0.394511 0.618304 0.396164 0.615823 0.396164 0.613839 0.394841 0.611855 0.397156 0.610119 0.398810 0.607391 0.397817 0.603919 0.398148 0.598462 0.397487 0.596726 0.397487 0.591270 0.395833 0.585317 0.393519 0.583829 0.391865 0.583829 0.388558 0.585069 0.384590 0.582589 0.382275 0.580109 0.381614 0.575893 0.377315 0.573165 0.375992 0.571181 0.373677 0.569692 0.369378 0.568204 0.365741 0.568204 0.361772 0.567212 0.359788 0.567460 0.357143 0.569444 0.355820 0.565972 0.350529 0.563492 0.347884 0.563988 0.344577 0.566220 0.343915 0.567708 0.344246 0.572421 0.343254 0.575645 0.341601 0.578373 0.338624 0.580853 0.332011 0.580109 0.326058 0.581101 0.323082 0.579613 0.320106 0.577133 0.315146 0.575645 0.311839 0.572669 0.308862 0.567460 0.307870 0.563988 0.311177 0.556052 0.310847 0.549107 0.310185 0.548363 0.303571 0.549603 0.301257 0.551091 0.299272 0.551587 0.297950 0.552827 0.297288 0.555804 0.295304 0.557788 0.293981 0.557788 0.291997 0.556548 0.290344 0.556548 0.287368 0.558532 0.286376 0.558532 0.283399 0.557044 0.283069 0.552827 0.280423 0.546627 0.277778 0.544643 0.274471 0.543651 0.271164 0.544643 0.266865 0.544147 0.264550 0.545387 0.262897 0.545387 0.252646 0.542659 0.250992 0.540923 0.250992 0.536706 0.249339 0.531250 0.244048 0.528522 0.241733 0.529018 0.238757 0.528770 0.233466 0.524058 0.229167 0.523065 0.223545 0.523562 0.216270 0.522817 0.213294 0.523065
0 0.716601 0.564484 0.712963 0.564732 0.710317 0.563740 0.704365 0.564236 0.700728 0.563492 0.699405 0.563988 0.698413 0.566468 0.694775 0.570188 0.693783 0.570685 0.686177 0.571181 0.682540 0.569196 0.676257 0.567212 0.673611 0.564484 0.669974 0.563244 0.665675 0.563244 0.661706 0.565228 0.658069 0.564236 0.650463 0.564732 0.645833 0.564236 0.643188 0.565476 0.641865 0.565476 0.639550 0.564484 0.633929 0.564980 0.630622 0.563988 0.626984 0.563988 0.625331 0.565228 0.623677 0.569940 0.622685 0.570933 0.619709 0.567956 0.618717 0.568452 0.616402 0.571677 0.616733 0.575645 0.611772 0.577629 0.608796 0.577133 0.595569 0.577381 0.593585 0.575893 0.591601 0.573165 0.587963 0.573909 0.583995 0.577381 0.580357 0.578869 0.578704 0.581349 0.577712 0.584821 0.575728 0.586806 0.569444 0.588046 0.565146 0.590030 0.562831 0.590278 0.556878 0.592262 0.554563 0.594246 0.551587 0.595486 0.547288 0.600694 0.545304 0.602183 0.534061 0.602927 0.531085 0.603919 0.529101 0.605407 0.524802 0.605655 0.521825 0.608135 0.516534 0.609623 0.511243 0.610367 0.507937 0.612103 0.504960 0.615575 0.502315 0.616071 0.497685 0.618800 0.496693 0.621032 0.494378 0.623016 0.494709 0.627232 0.493386 0.629960 0.493386 0.634177 0.491071 0.641865 0.491402 0.647321 0.493056 0.650794 0.492394 0.654762 0.494709 0.657242 0.495040 0.658482 0.493056 0.659970 0.491733 0.663442 0.489087 0.665923 0.488426 0.668403 0.485780 0.669395 0.486442 0.670387 0.488426 0.670635 0.489418 0.671379 0.489749 0.674355 0.491402 0.676339 0.491402 0.680804 0.490410 0.681052 0.490410 0.682292 0.491402 0.682292 0.492063 0.681052 0.494048 0.681548 0.493386 0.682540 0.492063 0.682788 0.491733 0.687500 0.489418 0.688492 0.489087 0.689980 0.491071 0.690724 0.492725 0.688244 0.494709 0.688740 0.495040 0.690228 0.492394 0.691716 0.492394 0.693948 0.495701 0.695685 0.496362 0.696677 0.496362 0.699405 0.499339 0.700397 0.499339 0.701637 0.498347 0.702133 0.496693 0.701885 0.495701 0.700149 0.493386 0.700397 0.493056 0.701885 0.495370 0.703373 0.495701 0.705109 0.495040 0.706349 0.492394 0.707589 0.492063 0.708581 0.493056 0.710069 0.496032 0.711310 0.497024 0.714038 0.499339 0.715526 0.500331 0.717262 0.504630 0.719742 0.506614 0.722470 0.507606 0.725694 0.511574 0.728175 0.512566 0.730407 0.514220 0.731399 0.515542 0.733879 0.517857 0.735367 0.519511 0.737599 0.522487 0.738839 0.524471 0.740823 0.526455 0.741071 0.529431 0.740079 0.532407 0.741815 0.534392 0.741815 0.536376 0.741071 0.541997 0.741567 0.547288 0.739831 0.548611 0.738839 0.552249 0.739583 0.556878 0.744048 0.556548 0.748512 0.559854 0.749256 0.565146 0.751488 0.567130 0.753720 0.569114 0.753720 0.573743 0.749752 0.574735 0.747024 0.579365 0.740079 0.580357 0.737103 0.583333 0.735119 0.589286 0.733383 0.593585 0.731151 0.600529 0.724454 0.602183 0.720486 0.604828 0.719246 0.607804 0.716766 0.609127 0.714782 0.609788 0.711310 0.611111 0.708829 0.611442 0.705357 0.615741 0.703621 0.619048 0.701389 0.620370 0.697917 0.624669 0.693452 0.626323 0.688740 0.633598 0.686012 0.634921 0.682292 0.639881 0.679812 0.643519 0.674851 0.648810 0.672619 0.652447 0.671875 0.654762 0.670387 0.658730 0.669891 0.662037 0.667411 0.663690 0.664683 0.666336 0.663442 0.673611 0.657490 0.677579 0.656746 0.681217 0.654266 0.682540 0.650794 0.687169 0.645833 0.687831 0.642113 0.688823 0.640625 0.691468 0.638641 0.695106 0.633681 0.698413 0.631696 0.699735 0.629464 0.704696 0.625744 0.706349 0.625744 0.708333 0.627976 0.710317 0.628968 0.712302 0.632440 0.714616 0.632192 0.716601 0.629960 0.719577 0.631448 0.725198 0.630952 0.727513 0.631944 0.729497 0.631944 0.734127 0.629712 0.735450 0.625992 0.738426 0.624256 0.740741 0.620288 0.740741 0.617560 0.739749 0.615575 0.740741 0.610367 0.739749 0.607143 0.742394 0.599454 0.742725 0.595734 0.741733 0.593998 0.738426 0.592758 0.737434 0.591766 0.739087 0.587302 0.734127 0.578125 0.730489 0.575645 0.727844 0.572669 0.723214 0.570933 0.717923 0.566964
4 0.628968 0.694692 0.626323 0.695685 0.622024 0.702133 0.618386 0.705853 0.611442 0.716766 0.602844 0.726438 0.600198 0.730903 0.597553 0.732887 0.591601 0.735863 0.587632 0.736855 0.580026 0.744544 0.576389 0.755456 0.575728 0.761657 0.577381 0.780010 0.579365 0.791419 0.581349 0.796131 0.583333 0.805308 0.587302 0.817956 0.592923 0.830109 0.594907 0.838046 0.598214 0.845486 0.603836 0.871032 0.606812 0.877480 0.609458 0.888641 0.612103 0.896329 0.616071 0.914435 0.618386 0.933780 0.623016 0.957837 0.625992 0.979663 0.630622 1.000000 0.678902 1.000000 0.678571 0.990575 0.676587 0.978423 0.673611 0.948909 0.671296 0.917411 0.670966 0.899306 0.672288 0.883929 0.673611 0.877976 0.682209 0.861359 0.685847 0.856895 0.687831 0.851935 0.694775 0.842014 0.696429 0.837798 0.701720 0.830605 0.716931 0.801339 0.718915 0.795387 0.722553 0.777034 0.722553 0.763641 0.721230 0.753968 0.716931 0.738591 0.708664 0.723958 0.706019 0.720486 0.701720 0.717014 0.694114 0.708829 0.686177 0.703373 0.678241 0.699405 0.669643 0.696429 0.666336 0.698165 0.665013 0.700397 0.662698 0.701885 0.657407 0.702133 0.649471 0.700893 0.639881 0.695933
0 0.206019 0.290427 0.205357 0.291419 0.205357 0.294891 0.207672 0.297619 0.208333 0.299603 0.210979 0.302331 0.210317 0.304563 0.208995 0.306300 0.204696 0.309276 0.195437 0.317460 0.192791 0.318700 0.189484 0.319196 0.186508 0.322173 0.186839 0.325893 0.192791 0.338542 0.195767 0.339534 0.198413 0.339534 0.200728 0.338790 0.203042 0.335565 0.207011 0.332837 0.209325 0.332093 0.216931 0.335565 0.220899 0.338294 0.227844 0.337798 0.231812 0.338294 0.237103 0.340278 0.247354 0.341518 0.267196 0.347470 0.274471 0.348710 0.291005 0.348214 0.300265 0.347222 0.303241 0.346230 0.303902 0.345238 0.303902 0.338790 0.302579 0.330357 0.299603 0.322669 0.295635 0.318948 0.290013 0.317460 0.279762 0.316716 0.272156 0.314236 0.260582 0.311756 0.252646 0.310764 0.241733 0.310516 0.232474 0.309028 0.226852 0.306052 0.224868 0.299603 0.222222 0.297123 0.221561 0.295139 0.218585 0.293155 0.217593 0.290675 0.216270 0.289683 0.212632 0.288938 0.208995 0.288938
0 0.556548 0.508929 0.553241 0.507688 0.550926 0.507688 0.548942 0.508433 0.546627 0.510417 0.545635 0.513889 0.544643 0.514633 0.541336 0.514633 0.538690 0.518353 0.532738 0.521825 0.529431 0.527034 0.528108 0.528026 0.524802 0.528770 0.523479 0.530754 0.519841 0.532738 0.519841 0.533730 0.522156 0.534474 0.524471 0.536458 0.524140 0.538194 0.521825 0.539683 0.517857 0.539435 0.514550 0.537450 0.516865 0.533978 0.516865 0.532986 0.515873 0.531994 0.512897 0.531498 0.509590 0.532490 0.508267 0.533482 0.509921 0.536458 0.506283 0.539187 0.494378 0.541419 0.488757 0.545139 0.482143 0.546875 0.478175 0.546875 0.473214 0.549603 0.470569 0.550099 0.466270 0.552083 0.462302 0.552083 0.456680 0.554812 0.455688 0.557292 0.455688 0.561508 0.456680 0.563988 0.455688 0.570685 0.454365 0.571925 0.450397 0.573413 0.447090 0.575645 0.446759 0.579365 0.449735 0.588542 0.450397 0.601935 0.453373 0.608383 0.457672 0.612847 0.463294 0.614583 0.474537 0.615327 0.482474 0.613095 0.490410 0.611855 0.493717 0.609623 0.497354 0.608879 0.505952 0.605655 0.511574 0.602183 0.517196 0.600198 0.525132 0.594246 0.526455 0.593998 0.529101 0.595486 0.531415 0.591766 0.531746 0.588542 0.533069 0.587054 0.534061 0.587054 0.536045 0.588790 0.538029 0.588790 0.540675 0.587054 0.544312 0.588294 0.545635 0.588046 0.549272 0.585317 0.551918 0.586062 0.560185 0.583085 0.564153 0.580109 0.569775 0.578869 0.576720 0.574157 0.580026 0.569196 0.583003 0.561756 0.582341 0.556052 0.578704 0.549355 0.579034 0.547619 0.581680 0.544643 0.581019 0.541171 0.582011 0.539683 0.583003 0.533730 0.579034 0.531498 0.576720 0.525794 0.572751 0.521825 0.567460 0.517857 0.562831 0.515625 0.560516 0.511657
1 0.806878 0.517609 0.798611 0.514881 0.794974 0.515129 0.791667 0.513393 0.790013 0.513393 0.787698 0.514633 0.783399 0.515377 0.782407 0.516865 0.778770 0.519345 0.767526 0.519841 0.765212 0.518105 0.764220 0.516369 0.760913 0.516369 0.754960 0.519345 0.751984 0.520089 0.747354 0.524058 0.743056 0.524554 0.740410 0.526290 0.735780 0.528026 0.732804 0.530506 0.727844 0.532490 0.723214 0.537946 0.719907 0.540675 0.717262 0.548363 0.716931 0.560764 0.722222 0.567708 0.729167 0.571677 0.738757 0.579861 0.741071 0.583581 0.743056 0.588790 0.746032 0.592014 0.746362 0.598214 0.745701 0.600198 0.743056 0.603671 0.743386 0.611855 0.742725 0.617312 0.740741 0.623264 0.737765 0.627232 0.735119 0.632688 0.733135 0.634921 0.733135 0.638393 0.732143 0.639385 0.728175 0.640625 0.723545 0.640873 0.721561 0.641617 0.716270 0.640377 0.709325 0.642857 0.704365 0.645833 0.702712 0.648313 0.700397 0.649802 0.700066 0.651042 0.701720 0.653274 0.700728 0.654762 0.697751 0.654514 0.689815 0.657490 0.686177 0.656250 0.683201 0.656746 0.678571 0.658482 0.677249 0.662202 0.673611 0.664187 0.672619 0.666419 0.672619 0.670635 0.674603 0.674603 0.672950 0.676835 0.672950 0.685764 0.677249 0.690972 0.679894 0.690972 0.680556 0.689236 0.681217 0.688740 0.682540 0.688988 0.682870 0.689980 0.680556 0.691964 0.680556 0.692956 0.681548 0.693700 0.684854 0.692460 0.687500 0.692460 0.689484 0.693948 0.690476 0.693948 0.692460 0.692708 0.695106 0.692708 0.696098 0.692212 0.696759 0.688740 0.698082 0.688988 0.698743 0.691716 0.700728 0.692460 0.702381 0.691220 0.703704 0.687748 0.705026 0.686756 0.708664 0.685764 0.710979 0.687004 0.714616 0.687500 0.716931 0.690228 0.719577 0.690972 0.724206 0.694444 0.728836 0.695437 0.731812 0.697173 0.735450 0.698165 0.740410 0.702381 0.742394 0.703125 0.749008 0.703869 0.752976 0.702877 0.762235 0.702381 0.768188 0.700893 0.779762 0.694196 0.785384 0.686756 0.794312 0.678075 0.795635 0.673363 0.792989 0.666419 0.792989 0.664187 0.793981 0.660962 0.797950 0.655010 0.797950 0.653274 0.795304 0.648810 0.790675 0.645833 0.788029 0.641865 0.784061 0.639137 0.784061 0.637649 0.785384 0.635417 0.791667 0.630704 0.792989 0.628472 0.798280 0.623760 0.801587 0.618552 0.801918 0.614831 0.799603 0.611359 0.796296 0.603671 0.794643 0.595734 0.791997 0.591270 0.791997 0.584077 0.795304 0.581101 0.803241 0.577381 0.807540 0.573413 0.811839 0.568452 0.813823 0.562252 0.821759 0.557540 0.826720 0.553819 0.830026 0.548859 0.829034 0.547123 0.825397 0.544643 0.819775 0.533234 0.815146 0.528522 0.811177 0.521081
0 0.056878 0.368304 0.055886 0.370784 0.055886 0.373760 0.060516 0.375992 0.068122 0.375992 0.076389 0.373016 0.081019 0.372768 0.090608 0.374504 0.103836 0.375992 0.106481 0.376984 0.108796 0.378720 0.117725 0.390873 0.120370 0.396329 0.120701 0.401042 0.119709 0.403770 0.116733 0.407986 0.116071 0.411706 0.119378 0.419643 0.120040 0.423859 0.122354 0.430308 0.123347 0.431052 0.127976 0.431052 0.130622 0.430308 0.134590 0.430556 0.145833 0.437748 0.150794 0.439484 0.161706 0.440724 0.172288 0.444940 0.180886 0.446677 0.188492 0.447421 0.195767 0.446429 0.202050 0.446677 0.204365 0.446181 0.210317 0.446181 0.213294 0.445437 0.216931 0.445685 0.228505 0.439980 0.236442 0.429315 0.239087 0.427331 0.244378 0.425347 0.249008 0.422123 0.252315 0.420883 0.254299 0.419395 0.255952 0.416915 0.255952 0.415427 0.252976 0.412946 0.250000 0.406994 0.245370 0.403770 0.241733 0.402530 0.240079 0.401290 0.225198 0.399554 0.218585 0.397569 0.208333 0.393105 0.201058 0.391617 0.193122 0.391121 0.189153 0.389385 0.186839 0.387649 0.183532 0.380704 0.181217 0.377728 0.172288 0.371528 0.170304 0.369048 0.165344 0.365327 0.162037 0.361111 0.160384 0.357143 0.163690 0.348958 0.161706 0.346726 0.151786 0.345982 0.146164 0.346230 0.142196 0.345486 0.127646 0.345734 0.111111 0.348958 0.105489 0.350942 0.098876 0.352183 0.088294 0.353175 0.077381 0.359871 0.071759 0.360863 0.063492 0.363839
0 0.631614 0.243304 0.625661 0.239335 0.623677 0.238591 0.619048 0.238591 0.614749 0.240327 0.603505 0.242312 0.595899 0.244792 0.587302 0.250000 0.584656 0.255208 0.573743 0.276612 0.583135 0.291369 0.593750 0.295461 0.594742 0.302902 0.580985 0.316815 0.573446 0.336508 0.567295 0.317088 0.561971 0.308408 0.551356 0.293279 0.543386 0.286558 0.543717 0.283309 0.544411 0.279762 0.540741 0.276265 0.528968 0.275744 0.527579 0.274603 0.527017 0.273438 0.526091 0.271701 0.524206 0.271354 0.523247 0.271230 0.521627 0.270610 0.519246 0.270015 0.518981 0.267808 0.517030 0.265997 0.516138 0.264187 0.514220 0.261409 0.511243 0.271825 0.504630 0.276786 0.494048 0.281994 0.490410 0.286458 0.484458 0.290675 0.483466 0.292659 0.481812 0.315228 0.483135 0.319196 0.485119 0.322421 0.485780 0.326141 0.489749 0.337054 0.489418 0.340526 0.486442 0.342262 0.477844 0.344246 0.475198 0.345734 0.468585 0.347966 0.460979 0.352679 0.458995 0.355655 0.455026 0.357391 0.446098 0.358383 0.441138 0.359871 0.439484 0.361111 0.438492 0.363839 0.438492 0.370536 0.439815 0.374256 0.441468 0.376240 0.444775 0.378224 0.450066 0.379712 0.455026 0.381944 0.466931 0.384673 0.474868 0.388393 0.476852 0.390129 0.488426 0.396081 0.498347 0.399554 0.508929 0.402282 0.520833 0.403770 0.537698 0.406994 0.556217 0.409226 0.568783 0.408234 0.575397 0.406002 0.595569 0.388145 0.600198 0.386161 0.603505 0.383681 0.607804 0.381696 0.612103 0.378224 0.618056 0.375000 0.623677 0.370536 0.627315 0.365079 0.632275 0.359871 0.639881 0.348462 0.641865 0.341518 0.656085 0.332093 0.657407 0.329365 0.663360 0.323165 0.671296 0.310020 0.670966 0.303323 0.669312 0.300099 0.668320 0.295387 0.666336 0.292411 0.663360 0.283234 0.660384 0.279514 0.658730 0.275546 0.655754 0.272569 0.652778 0.268105 0.648479 0.264881 0.645503 0.260169 0.641204 0.255456 0.639220 0.251736 0.633929 0.247768
0 0.480159 0.256448 0.478505 0.252480 0.475860 0.249256 0.475198 0.247024 0.471561 0.241815 0.469246 0.236855 0.467262 0.234623 0.454365 0.231647 0.440807 0.230407 0.435516 0.230655 0.430886 0.231647 0.416997 0.242312 0.412698 0.244544 0.404431 0.247520 0.397817 0.246280 0.392196 0.243552 0.385582 0.241319 0.382606 0.238591 0.380952 0.235615 0.376984 0.234871 0.372354 0.234871 0.368386 0.235863 0.360780 0.240575 0.357143 0.243552 0.355489 0.242312 0.353836 0.239583 0.348876 0.239087 0.337302 0.245784 0.335317 0.247520 0.333664 0.251240 0.333995 0.252480 0.341270 0.257192 0.342593 0.259425 0.342923 0.275298 0.344246 0.278274 0.345899 0.279762 0.350198 0.276538 0.352844 0.273562 0.356481 0.272073 0.360780 0.268849 0.374008 0.268353 0.376653 0.267361 0.386574 0.266865 0.393519 0.267857 0.404762 0.267857 0.413029 0.269593 0.417328 0.272073 0.422950 0.273810 0.427249 0.273810 0.435185 0.271577 0.441799 0.272073 0.458995 0.271081 0.468915 0.268849 0.471892 0.267361 0.474537 0.266865 0.480489 0.260665
0 0.352183 0.275794 0.346561 0.283234 0.346230 0.292411 0.347222 0.294643 0.346561 0.297371 0.347222 0.300843 0.352183 0.306300 0.353836 0.309524 0.356481 0.311260 0.356812 0.315228 0.359788 0.316964 0.360450 0.318452 0.361772 0.319196 0.363757 0.319196 0.365410 0.320188 0.369709 0.320188 0.373016 0.321429 0.376984 0.321429 0.378307 0.322669 0.378968 0.326141 0.382937 0.328869 0.387897 0.329613 0.393188 0.328869 0.399802 0.330357 0.401455 0.331597 0.403439 0.335813 0.408069 0.335813 0.410053 0.331597 0.411706 0.330605 0.413029 0.330605 0.415675 0.332093 0.417659 0.330357 0.419312 0.329861 0.427249 0.329613 0.432870 0.327629 0.436177 0.325149 0.440476 0.316964 0.443122 0.314980 0.447421 0.313492 0.451058 0.310516 0.453042 0.303323 0.453373 0.291915 0.450066 0.286954 0.447090 0.284970 0.442791 0.283234 0.427579 0.280754 0.424603 0.279762 0.419643 0.275050 0.410053 0.270337 0.402116 0.268601 0.392526 0.268353 0.385913 0.267361 0.378638 0.267609 0.373347 0.269097 0.361442 0.269593 0.359458 0.270585 0.356812 0.273313
0 0.299934 0.291419 0.297288 0.294395 0.296958 0.298611 0.298280 0.301587 0.302579 0.305804 0.304233 0.309276 0.303902 0.312500 0.301257 0.317956 0.301257 0.323165 0.303902 0.332341 0.304894 0.345734 0.308532 0.351190 0.313161 0.354415 0.319114 0.356399 0.330688 0.362599 0.337302 0.365575 0.345569 0.368304 0.366071 0.369048 0.373677 0.367808 0.380291 0.365079 0.383598 0.362599 0.387897 0.357887 0.391534 0.351190 0.397156 0.345486 0.401124 0.338542 0.401455 0.333333 0.400463 0.331845 0.392526 0.328621 0.380622 0.326141 0.369709 0.317460 0.367725 0.317460 0.365410 0.318452 0.360119 0.314236 0.358135 0.303819 0.356481 0.302083 0.352844 0.301587 0.350198 0.302579 0.345569 0.300099 0.338624 0.298859 0.333003 0.298611 0.329034 0.297123 0.322751 0.293155 0.311508 0.289435 0.306217 0.289187
0 0.288360 0.401042 0.291005 0.403522 0.294643 0.405258 0.298611 0.405258 0.310185 0.409226 0.329365 0.411706 0.351852 0.411706 0.361772 0.410962 0.373347 0.408234 0.379960 0.409226 0.392526 0.412946 0.402447 0.413194 0.407407 0.412698 0.411706 0.411210 0.420635 0.405010 0.428571 0.398065 0.430556 0.393353 0.430556 0.390625 0.429233 0.384673 0.427249 0.380704 0.420966 0.376488 0.417659 0.375000 0.404762 0.373264 0.400794 0.371776 0.385582 0.369048 0.383929 0.369048 0.380622 0.370288 0.374339 0.370784 0.349206 0.370288 0.336310 0.366815 0.333664 0.365079 0.330026 0.363839 0.325728 0.360863 0.317791 0.357887 0.312831 0.356895 0.311508 0.356151 0.309193 0.356151 0.306878 0.356895 0.305556 0.360119 0.304563 0.374504 0.306548 0.377232 0.303902 0.389137 0.302249 0.390625 0.298280 0.390873 0.293981 0.392857 0.290675 0.395833 0.288360 0.399802
