0 0.256311 0.286387 0.522816 0.286387 0.522816 0.523037 0.256311 0.523037
0 0.058738 0.063351 0.906796 0.063351 0.906796 0.900524 0.058738 0.900524
4 0.426699 0.005759 0.621359 0.005759 0.621359 0.123560 0.426699 0.123560
4 0.679126 0.115183 1.000000 0.115183 1.000000 0.182723 0.679126 0.182723
0 0.344660 0.222513 0.483495 0.222513 0.483495 0.296335 0.344660 0.296335
0 0.406796 0.083246 0.682524 0.083246 0.682524 0.305759 0.406796 0.305759
0 0.144660 0.514660 0.499515 0.514660 0.499515 0.903665 0.144660 0.903665
0 0.568447 0.247644 0.907282 0.247644 0.907282 0.558115 0.568447 0.558115
0 0.480583 0.547120 0.717476 0.547120 0.717476 0.757068 0.480583 0.757068
0 0.058252 0.258115 0.342233 0.258115 0.342233 0.552880 0.058252 0.552880
0 0.467476 0.297382 0.455340 0.295288 0.452427 0.293194 0.447087 0.292670 0.440291 0.289529 0.426214 0.289005 0.408252 0.286387 0.403883 0.289005 0.391262 0.289529 0.387864 0.292670 0.384951 0.292670 0.382039 0.294764 0.377184 0.294764 0.373786 0.297382 0.357767 0.298953 0.352913 0.301047 0.349515 0.304712 0.344175 0.305759 0.341262 0.310471 0.338835 0.309424 0.335437 0.310471 0.324757 0.310471 0.317961 0.312565 0.305825 0.311518 0.302913 0.312565 0.295631 0.312042 0.287864 0.313089 0.259223 0.313089 0.257282 0.314660 0.256311 0.319372 0.256796 0.325131 0.258738 0.330890 0.258252 0.341885 0.259709 0.342932 0.283010 0.346597 0.283981 0.353927 0.278641 0.370157 0.274272 0.376963 0.272816 0.389529 0.275728 0.394764 0.278641 0.393717 0.282524 0.397382 0.283010 0.400524 0.280097 0.408377 0.279612 0.413089 0.282039 0.419895 0.287864 0.425131 0.292233 0.426178 0.299029 0.421466 0.302427 0.420942 0.319903 0.408377 0.326699 0.406283 0.331068 0.399476 0.342233 0.394241 0.354369 0.384293 0.360680 0.382723 0.365049 0.379581 0.366505 0.380628 0.360680 0.387958 0.359223 0.396335 0.351942 0.406283 0.350485 0.412042 0.349029 0.413613 0.346117 0.414136 0.345146 0.415707 0.342718 0.431937 0.345146 0.434031 0.349515 0.435079 0.350485 0.437173 0.344660 0.447120 0.343689 0.460209 0.342233 0.464398 0.332524 0.470157 0.330097 0.473298 0.328155 0.480628 0.327670 0.493194 0.325243 0.497382 0.328155 0.502094 0.328641 0.506283 0.330583 0.509424 0.336408 0.514660 0.342233 0.516230 0.345146 0.520942 0.357767 0.523037 0.360194 0.521990 0.363107 0.518325 0.361650 0.514136 0.361650 0.509424 0.364563 0.502094 0.359709 0.498429 0.359223 0.486387 0.363107 0.476440 0.367961 0.471204 0.372816 0.468586 0.376699 0.468586 0.381553 0.471204 0.383010 0.479058 0.384951 0.482723 0.395146 0.482723 0.397573 0.481675 0.400971 0.476963 0.405825 0.473298 0.408252 0.469634 0.411650 0.468063 0.416019 0.462827 0.421359 0.460209 0.426214 0.454450 0.430097 0.452356 0.431553 0.447120 0.435922 0.441361 0.439320 0.443979 0.442718 0.443455 0.445146 0.448691 0.451456 0.453927 0.459223 0.462827 0.461650 0.463874 0.464078 0.463351 0.465534 0.460733 0.464563 0.454974 0.465049 0.450262 0.462136 0.439267 0.464078 0.436126 0.463107 0.431937 0.464078 0.428272 0.463592 0.420419 0.465049 0.416754 0.465049 0.410471 0.466019 0.409424 0.467476 0.410471 0.468447 0.417277 0.468447 0.432461 0.467476 0.435079 0.468447 0.438743 0.467476 0.459686 0.468447 0.462827 0.474272 0.469110 0.478641 0.470681 0.482039 0.469634 0.483495 0.471204 0.483010 0.474346 0.484951 0.479581 0.487379 0.482199 0.495146 0.485340 0.514078 0.486387 0.516505 0.488482 0.519417 0.487435 0.516019 0.476440 0.514078 0.459162 0.511650 0.454974 0.507282 0.451309 0.507282 0.447644 0.510680 0.434555 0.511165 0.426178 0.514563 0.419895 0.516019 0.408901 0.520874 0.400524 0.521845 0.391099 0.518932 0.383770 0.522816 0.373822 0.522330 0.361257 0.517961 0.358639 0.513592 0.352880 0.508252 0.349738 0.506796 0.345026 0.501456 0.340314 0.497573 0.330890 0.490777 0.326178 0.485437 0.318848 0.483981 0.314136
0 0.678155 0.086387 0.658738 0.084293 0.654854 0.085340 0.625728 0.085340 0.622816 0.086911 0.619417 0.086387 0.611650 0.089529 0.606311 0.090052 0.599515 0.094241 0.592233 0.095288 0.579126 0.093194 0.576214 0.091623 0.557767 0.090052 0.545631 0.093194 0.531553 0.093194 0.529126 0.091623 0.525243 0.092670 0.524272 0.090576 0.526699 0.089529 0.530097 0.085340 0.529126 0.080105 0.526214 0.080628 0.523786 0.083770 0.523301 0.087958 0.520874 0.089005 0.516990 0.084817 0.519417 0.081152 0.519417 0.079058 0.516505 0.078010 0.514563 0.074346 0.512136 0.074346 0.510194 0.076963 0.505340 0.074869 0.503398 0.071728 0.504854 0.064398 0.497573 0.063351 0.495631 0.064921 0.495146 0.069634 0.497573 0.072775 0.497087 0.075916 0.499515 0.079058 0.500971 0.091099 0.503398 0.093194 0.506796 0.093717 0.508738 0.095812 0.507767 0.098429 0.504369 0.100524 0.495631 0.101571 0.490291 0.107853 0.483495 0.108901 0.479126 0.112042 0.476699 0.116230 0.475728 0.123037 0.473786 0.125131 0.460680 0.127749 0.448058 0.126178 0.429126 0.126702 0.425243 0.128272 0.423301 0.130366 0.419417 0.137696 0.418447 0.142408 0.418932 0.150785 0.417476 0.162827 0.418932 0.167539 0.418447 0.174346 0.416505 0.179058 0.419903 0.182199 0.415049 0.184817 0.411650 0.184817 0.410194 0.187435 0.407282 0.188482 0.401942 0.193717 0.402427 0.202618 0.406311 0.206806 0.408252 0.213613 0.411165 0.212042 0.414078 0.213089 0.412621 0.216230 0.414078 0.220942 0.412136 0.222513 0.408738 0.221990 0.404854 0.224084 0.399515 0.224084 0.395146 0.226178 0.384466 0.226702 0.381068 0.228796 0.376214 0.228272 0.373301 0.229843 0.368447 0.229843 0.366019 0.232461 0.365049 0.236126 0.357282 0.248691 0.351942 0.249215 0.349029 0.248168 0.348058 0.249738 0.344660 0.250262 0.343689 0.252880 0.337864 0.259162 0.336408 0.262827 0.336408 0.268063 0.333981 0.271204 0.335437 0.275393 0.328155 0.282723 0.328155 0.294241 0.326699 0.295812 0.326699 0.302094 0.325728 0.303141 0.321845 0.303141 0.318932 0.306806 0.316505 0.305759 0.316505 0.298429 0.319417 0.294241 0.319903 0.291623 0.324757 0.286911 0.323786 0.275393 0.319417 0.271204 0.302427 0.265969 0.286408 0.264398 0.277184 0.262304 0.265049 0.261780 0.260680 0.260733 0.256796 0.258115 0.251456 0.258115 0.247573 0.260209 0.221359 0.264921 0.208252 0.270157 0.190291 0.274346 0.154854 0.286387 0.149515 0.285340 0.143689 0.280105 0.134466 0.281675 0.131068 0.284817 0.118447 0.290052 0.114563 0.293194 0.096117 0.298953 0.079126 0.308901 0.076214 0.312042 0.071359 0.313613 0.064078 0.320942 0.060194 0.332984 0.058738 0.345550 0.064078 0.356545 0.069417 0.360209 0.072816 0.365445 0.072816 0.369110 0.070874 0.373822 0.076699 0.380628 0.073301 0.386387 0.073301 0.389529 0.086893 0.404712 0.110194 0.420419 0.119417 0.423037 0.124272 0.427225 0.124272 0.434555 0.127184 0.446597 0.127184 0.459162 0.138835 0.482199 0.139320 0.500000 0.146117 0.507330 0.147573 0.510471 0.150971 0.513089 0.150000 0.515707 0.146117 0.518848 0.141748 0.520419 0.133010 0.528272 0.130583 0.540314 0.127670 0.545026 0.129612 0.552880 0.133981 0.555497 0.139320 0.556021 0.142233 0.561257 0.150485 0.560209 0.170874 0.571204 0.175243 0.571728 0.179612 0.574869 0.183010 0.575393 0.185437 0.578010 0.190291 0.578010 0.193689 0.580105 0.192718 0.583770 0.188835 0.584293 0.181553 0.591623 0.168932 0.592147 0.159709 0.594241 0.156311 0.596335 0.153883 0.601571 0.145146 0.609424 0.144660 0.616754 0.147087 0.630366 0.147573 0.645550 0.149029 0.654450 0.155340 0.661780 0.156796 0.665445 0.158252 0.706283 0.164563 0.725131 0.166505 0.741885 0.173301 0.759162 0.188835 0.779581 0.205825 0.790576 0.219417 0.795812 0.228155 0.803665 0.229126 0.807330 0.226214 0.814660 0.223301 0.830366 0.224272 0.874869 0.226699 0.884817 0.228155 0.886387 0.237379 0.880628 0.242233 0.875916 0.249029 0.873822 0.271359 0.856021 0.275243 0.854974 0.288350 0.873298 0.293204 0.889529 0.298544 0.892670 0.310194 0.890052 0.311650 0.888482 0.312136 0.870681 0.310680 0.858115 0.309223 0.853927 0.310194 0.846597 0.311165 0.846073 0.315534 0.850262 0.320388 0.857592 0.320388 0.861257 0.322816 0.865969 0.335922 0.871728 0.340291 0.878534 0.347087 0.882199 0.349029 0.884817 0.359223 0.889005 0.362136 0.893194 0.366990 0.894764 0.368932 0.896859 0.379612 0.900000 0.389320 0.900524 0.393204 0.898429 0.395146 0.893194 0.398058 0.889529 0.398058 0.886387 0.396602 0.884293 0.393689 0.883770 0.388835 0.880105 0.382039 0.878534 0.377184 0.875916 0.373786 0.875916 0.372330 0.872251 0.368932 0.870681 0.362136 0.863874 0.355825 0.862304 0.352913 0.859162 0.351942 0.854974 0.348544 0.851309 0.337379 0.846597 0.336408 0.845550 0.338350 0.842932 0.338350 0.840838 0.332039 0.831414 0.327184 0.828272 0.326699 0.824607 0.323786 0.821466 0.323301 0.818848 0.320388 0.815707 0.317476 0.808377 0.315049 0.805236 0.313592 0.805236 0.311165 0.809424 0.312621 0.825131 0.311165 0.826702 0.304854 0.826702 0.301942 0.828272 0.298544 0.828272 0.296602 0.825131 0.299029 0.815183 0.298544 0.796859 0.296602 0.795812 0.283981 0.796859 0.282039 0.794241 0.283010 0.782723 0.281553 0.768063 0.282524 0.767016 0.287864 0.766492 0.289806 0.763351 0.288350 0.760209 0.283981 0.754974 0.282524 0.754974 0.281068 0.764398 0.279612 0.766492 0.268447 0.766492 0.266505 0.763874 0.266990 0.749215 0.266019 0.748168 0.258738 0.749215 0.255340 0.746073 0.253398 0.746073 0.251456 0.743455 0.251456 0.739791 0.250000 0.736126 0.251942 0.733508 0.256796 0.734031 0.260194 0.732984 0.263107 0.734555 0.272330 0.734555 0.279126 0.736126 0.280583 0.739267 0.284466 0.742408 0.288835 0.743979 0.291262 0.746597 0.295146 0.755497 0.296117 0.751832 0.298544 0.750262 0.307282 0.751832 0.310194 0.753403 0.313592 0.760209 0.312136 0.762827 0.313107 0.765445 0.316505 0.765969 0.321359 0.763874 0.325243 0.764398 0.331553 0.775393 0.329612 0.780105 0.333495 0.780628 0.342718 0.790576 0.342718 0.803141 0.346602 0.806806 0.345146 0.810471 0.347573 0.812042 0.350485 0.812042 0.352913 0.809948 0.358252 0.814660 0.358738 0.818325 0.361165 0.821990 0.359223 0.825654 0.359709 0.828796 0.360680 0.829843 0.365534 0.829319 0.373301 0.837696 0.372330 0.840314 0.369903 0.840838 0.369903 0.842408 0.372330 0.842932 0.375243 0.845550 0.375243 0.850785 0.380583 0.852880 0.380583 0.859686 0.383495 0.857068 0.384951 0.858115 0.387379 0.864398 0.393689 0.869634 0.393689 0.873298 0.408738 0.878534 0.423786 0.880105 0.434466 0.884293 0.445146 0.884293 0.458738 0.881675 0.469417 0.874346 0.483495 0.858115 0.484951 0.853403 0.492233 0.842932 0.498544 0.819372 0.498544 0.804712 0.500971 0.768586 0.499515 0.763351 0.498058 0.761780 0.494175 0.760733 0.492718 0.752880 0.489320 0.743979 0.489320 0.732984 0.487379 0.720942 0.485437 0.716754 0.484951 0.707330 0.482524 0.700000 0.480583 0.683770 0.482039 0.680628 0.483495 0.681675 0.485437 0.687958 0.491748 0.694764 0.497087 0.697382 0.501942 0.703665 0.505825 0.706283 0.507767 0.714136 0.513107 0.723037 0.516019 0.731937 0.522330 0.736649 0.523786 0.740314 0.529126 0.746073 0.532039 0.751309 0.537864 0.754974 0.541262 0.755497 0.550485 0.748168 0.551942 0.744503 0.555340 0.741361 0.556796 0.737173 0.560680 0.735602 0.571359 0.741361 0.576699 0.741361 0.588350 0.734555 0.593204 0.733508 0.600485 0.727749 0.611165 0.724084 0.624757 0.722513 0.638835 0.717277 0.643204 0.712565 0.648544 0.710471 0.655825 0.701571 0.657767 0.697382 0.663107 0.694764 0.667476 0.689529 0.670874 0.687958 0.687864 0.670681 0.688835 0.668063 0.694175 0.662304 0.695631 0.657068 0.702427 0.645550 0.705340 0.627749 0.711650 0.616230 0.712136 0.610995 0.718932 0.592670 0.718447 0.586911 0.713592 0.583770 0.710194 0.579581 0.709709 0.575916 0.708252 0.573822 0.708738 0.571728 0.710680 0.573822 0.713592 0.574346 0.719903 0.571728 0.723301 0.568586 0.728155 0.570157 0.732524 0.569634 0.734951 0.571204 0.740291 0.569634 0.752913 0.569634 0.779612 0.562827 0.783981 0.560209 0.786893 0.560733 0.790291 0.558115 0.799029 0.557068 0.805340 0.553403 0.808738 0.554450 0.813592 0.558115 0.816990 0.558115 0.821845 0.554450 0.826214 0.546597 0.829612 0.549215 0.837379 0.549215 0.841748 0.551832 0.852913 0.546073 0.865049 0.544503 0.868447 0.541885 0.883981 0.537696 0.888835 0.537696 0.891262 0.530890 0.893689 0.528796 0.896117 0.528796 0.895146 0.525654 0.897573 0.521990 0.897573 0.519372 0.896117 0.517801 0.898544 0.515183 0.898544 0.512042 0.901456 0.510995 0.905340 0.506283 0.905340 0.493717 0.906796 0.490576 0.905340 0.486387 0.906796 0.483770 0.906796 0.481152 0.903883 0.469110 0.899515 0.463351 0.897573 0.456021 0.892718 0.448691 0.888835 0.445550 0.884951 0.444503 0.873786 0.438220 0.866990 0.437696 0.862621 0.435079 0.860194 0.435079 0.857767 0.437173 0.854369 0.436126 0.851942 0.427749 0.840291 0.415183 0.831553 0.408901 0.828641 0.404712 0.815534 0.392670 0.813107 0.386911 0.812136 0.369634 0.812621 0.356545 0.815049 0.349215 0.815049 0.340314 0.813592 0.334031 0.805825 0.320942 0.793689 0.308377 0.789320 0.301571 0.783010 0.296335 0.779126 0.291099 0.772330 0.287435 0.760194 0.287958 0.753883 0.286911 0.740291 0.275916 0.721359 0.268586 0.716990 0.268063 0.712621 0.265445 0.701456 0.263874 0.693689 0.258639 0.688350 0.257068 0.673786 0.246073 0.666019 0.243979 0.662136 0.248691 0.659223 0.250262 0.657767 0.249738 0.657767 0.243455 0.669903 0.236649 0.672816 0.232984 0.670874 0.220942 0.670874 0.213089 0.677184 0.206283 0.677670 0.200524 0.675243 0.197906 0.676214 0.194764 0.675243 0.188482 0.671845 0.182199 0.673786 0.178534 0.673786 0.173298 0.672330 0.171204 0.671845 0.165445 0.674272 0.157068 0.678155 0.153927 0.681553 0.147120 0.682039 0.140838 0.679612 0.135602 0.680097 0.130890 0.679126 0.127225 0.672816 0.125654 0.670874 0.122513 0.670388 0.118325 0.670874 0.110471 0.673301 0.106806 0.673786 0.103665 0.678641 0.096335 0.679612 0.087958
4 0.621359 0.079058 0.616019 0.065969 0.608252 0.056021 0.585437 0.032461 0.582039 0.030890 0.576699 0.025131 0.572330 0.023037 0.568447 0.019372 0.557282 0.014136 0.550000 0.012042 0.545146 0.008901 0.528641 0.005759 0.515534 0.005759 0.504369 0.008377 0.495146 0.008901 0.474272 0.017801 0.466990 0.023560 0.463107 0.025131 0.459709 0.029319 0.453883 0.032984 0.452913 0.036126 0.447573 0.040838 0.437379 0.057068 0.433010 0.068586 0.430583 0.071728 0.426699 0.094764 0.426699 0.118848 0.431553 0.123560 0.436893 0.123560 0.438835 0.122513 0.439806 0.119372 0.443689 0.115707 0.446117 0.111518 0.452913 0.108901 0.456311 0.105236 0.460680 0.104712 0.463592 0.101571 0.464563 0.096335 0.466990 0.092670 0.467961 0.081675 0.470388 0.072251 0.478641 0.067016 0.490291 0.064398 0.493689 0.056545 0.499515 0.054450 0.512621 0.056021 0.516019 0.060209 0.522330 0.063351 0.530097 0.071728 0.532524 0.078534 0.537864 0.084293 0.539320 0.087435 0.541748 0.089005 0.570388 0.087958 0.588350 0.092147 0.594660 0.092147 0.603398 0.087958 0.618447 0.083246 0.621359 0.081152
4 0.679126 0.118325 0.681553 0.122513 0.685437 0.125654 0.687864 0.137696 0.689806 0.139267 0.739806 0.147120 0.779126 0.151832 0.794175 0.154974 0.804854 0.155497 0.842233 0.160733 0.852913 0.163351 0.889320 0.167539 0.905825 0.170681 0.925728 0.172251 0.987379 0.182199 1.000000 0.182723 1.000000 0.118848 0.995146 0.117277 0.800000 0.117277 0.775243 0.115707 0.736408 0.115183 0.718932 0.116230 0.705340 0.115707 0.700971 0.116754 0.687864 0.115707
0 0.483495 0.276440 0.480097 0.270157 0.475243 0.252356 0.471359 0.244503 0.471359 0.238220 0.468932 0.228272 0.465534 0.225654 0.458738 0.223560 0.425728 0.222513 0.420388 0.224084 0.405825 0.223560 0.394175 0.225131 0.383010 0.228796 0.369417 0.229843 0.366505 0.231414 0.364078 0.239791 0.360680 0.244503 0.359709 0.248691 0.356796 0.250785 0.352427 0.251309 0.345146 0.259162 0.344660 0.275916 0.345631 0.281675 0.350485 0.289529 0.350971 0.292147 0.353398 0.294764 0.357767 0.296335 0.370388 0.295812 0.382524 0.289529 0.396602 0.287435 0.407282 0.284293 0.416505 0.284293 0.423786 0.286387 0.438835 0.287435 0.458252 0.291099 0.466990 0.291099 0.483010 0.283770
0 0.682524 0.087958 0.678641 0.084817 0.674272 0.083770 0.642233 0.083246 0.639320 0.084293 0.627184 0.083770 0.619417 0.084817 0.605340 0.088482 0.599029 0.092670 0.593204 0.094241 0.580097 0.092670 0.576214 0.090052 0.555340 0.089529 0.545146 0.092147 0.517476 0.095812 0.508252 0.098429 0.504854 0.100524 0.501942 0.100524 0.493204 0.104712 0.490291 0.107853 0.483010 0.110995 0.478155 0.115707 0.475728 0.123037 0.473786 0.124607 0.456796 0.127225 0.450485 0.125654 0.427184 0.125654 0.424272 0.126702 0.419417 0.134555 0.417961 0.141361 0.417961 0.167016 0.416019 0.178010 0.416990 0.185340 0.414563 0.188482 0.408252 0.189529 0.406796 0.196335 0.408252 0.215707 0.411650 0.217801 0.420874 0.218325 0.423786 0.216754 0.433981 0.221466 0.439806 0.220419 0.444660 0.220942 0.447573 0.219372 0.451942 0.220419 0.454369 0.217801 0.462621 0.218848 0.465049 0.221466 0.467961 0.221990 0.469417 0.220419 0.469903 0.213613 0.471845 0.207330 0.476214 0.203141 0.482039 0.202094 0.483495 0.200524 0.484466 0.191623 0.483981 0.174869 0.485922 0.170681 0.485922 0.165969 0.489806 0.162827 0.497087 0.163351 0.500485 0.174869 0.505825 0.186387 0.514078 0.223037 0.515049 0.234031 0.521359 0.247644 0.520874 0.253403 0.524272 0.271728 0.526699 0.279058 0.531068 0.286387 0.533495 0.288482 0.543204 0.290576 0.557767 0.298953 0.564078 0.305236 0.578155 0.305759 0.595631 0.301047 0.603398 0.300524 0.622816 0.301571 0.632039 0.289005 0.633981 0.283770 0.639806 0.275393 0.642233 0.268063 0.650971 0.257592 0.655825 0.253927 0.663107 0.242932 0.669417 0.241361 0.672816 0.237696 0.672816 0.219895 0.670388 0.213089 0.672816 0.204712 0.668932 0.200000 0.667961 0.191623 0.665534 0.189529 0.666505 0.188482 0.668932 0.190052 0.671359 0.189529 0.673786 0.174346 0.670874 0.172251 0.666990 0.172251 0.666019 0.171204 0.666019 0.165969 0.669903 0.159686 0.673301 0.158639 0.679126 0.147120 0.678155 0.142408 0.680583 0.139267 0.680583 0.137696 0.678155 0.135079 0.678641 0.130366 0.677670 0.127225 0.674272 0.126702 0.672330 0.123560 0.671845 0.116230 0.672330 0.110995 0.674757 0.107330 0.676214 0.101571 0.682039 0.092147
0 0.156796 0.596859 0.153398 0.601571 0.149515 0.603665 0.145631 0.607853 0.144660 0.615183 0.145631 0.623560 0.147087 0.627225 0.149515 0.654450 0.154369 0.659162 0.156796 0.667016 0.156311 0.686911 0.158252 0.708901 0.163592 0.723037 0.166019 0.742932 0.167961 0.748691 0.170874 0.752880 0.173301 0.760733 0.188350 0.780105 0.206796 0.791623 0.215049 0.794241 0.223786 0.798953 0.227184 0.803665 0.227670 0.808377 0.223301 0.827225 0.222816 0.845026 0.223786 0.879058 0.226699 0.888482 0.229612 0.889005 0.232039 0.887958 0.242718 0.877487 0.248544 0.875393 0.260680 0.864921 0.271359 0.857592 0.275243 0.857068 0.286893 0.874346 0.291262 0.890052 0.298058 0.894241 0.308738 0.892670 0.313592 0.889005 0.314078 0.873298 0.313107 0.860209 0.315049 0.858639 0.318447 0.861780 0.320388 0.867016 0.326214 0.870681 0.328641 0.873822 0.334951 0.876440 0.345631 0.885340 0.357282 0.892147 0.360680 0.895288 0.376699 0.902094 0.388835 0.903665 0.393689 0.901571 0.404854 0.889529 0.405825 0.885864 0.404369 0.881152 0.394175 0.877487 0.393204 0.876440 0.393689 0.875393 0.404369 0.875916 0.407767 0.878010 0.425728 0.880628 0.434951 0.884293 0.450000 0.883770 0.458738 0.881152 0.467476 0.876440 0.483981 0.857592 0.488835 0.846597 0.491748 0.842932 0.496602 0.825654 0.498058 0.817801 0.497573 0.805759 0.499515 0.776963 0.498544 0.766492 0.493689 0.765445 0.489806 0.759162 0.489806 0.753927 0.486893 0.740838 0.485437 0.720942 0.480097 0.699476 0.478641 0.685864 0.475243 0.672775 0.470874 0.668586 0.467476 0.656021 0.460680 0.649215 0.458738 0.644503 0.455825 0.642408 0.449515 0.641885 0.443204 0.642932 0.438835 0.645026 0.431068 0.653403 0.431553 0.654974 0.434951 0.656545 0.436408 0.658639 0.435437 0.669110 0.436893 0.694241 0.436408 0.702618 0.440291 0.705759 0.439320 0.709948 0.442233 0.712565 0.439806 0.717277 0.439806 0.720942 0.441748 0.725131 0.446117 0.728272 0.442233 0.730890 0.441748 0.732984 0.448058 0.734031 0.450485 0.736126 0.451456 0.747120 0.450485 0.749215 0.442718 0.749215 0.439320 0.751309 0.439320 0.754974 0.441748 0.760209 0.441262 0.763874 0.442718 0.766492 0.443689 0.773298 0.443204 0.778534 0.440291 0.783246 0.436893 0.783770 0.430097 0.778010 0.423786 0.764921 0.422816 0.760209 0.423786 0.752356 0.428155 0.748691 0.428155 0.746597 0.422330 0.739267 0.416505 0.737173 0.413107 0.733508 0.408252 0.731414 0.404369 0.723037 0.403883 0.714136 0.394175 0.706806 0.390777 0.702094 0.389806 0.689529 0.393204 0.663351 0.392718 0.653927 0.391748 0.651832 0.381068 0.644503 0.368932 0.638220 0.362621 0.632984 0.358252 0.626702 0.351942 0.621990 0.348058 0.610995 0.350000 0.603141 0.353398 0.599476 0.354369 0.595812 0.357767 0.595288 0.361165 0.592147 0.360680 0.587435 0.362136 0.581675 0.366990 0.576963 0.370874 0.543979 0.368932 0.540314 0.368932 0.536649 0.366019 0.531937 0.361165 0.529843 0.357767 0.526702 0.346602 0.524607 0.333981 0.516230 0.326699 0.514660 0.322816 0.515183 0.311650 0.523560 0.298058 0.525654 0.293689 0.528272 0.282039 0.531937 0.271845 0.538220 0.266019 0.539791 0.255825 0.545026 0.235437 0.550785 0.230583 0.554450 0.219903 0.558115 0.216019 0.561780 0.208738 0.563874 0.203883 0.568063 0.201942 0.575916 0.193204 0.585340 0.187864 0.588482 0.184466 0.592147 0.165534 0.593194
0 0.650000 0.259162 0.647573 0.264398 0.641262 0.272251 0.639806 0.279058 0.633010 0.288482 0.631553 0.293717 0.625728 0.298953 0.622816 0.307853 0.617476 0.312042 0.615049 0.317277 0.610194 0.323560 0.603398 0.340838 0.594175 0.352356 0.592718 0.357068 0.587379 0.361780 0.584466 0.370157 0.578155 0.376440 0.575728 0.387435 0.570388 0.392670 0.568447 0.404712 0.570388 0.408901 0.577184 0.415707 0.580583 0.423037 0.588835 0.430366 0.599515 0.431414 0.603398 0.433508 0.612136 0.435079 0.617961 0.438220 0.623301 0.438743 0.632524 0.445026 0.637864 0.447120 0.644660 0.452356 0.653398 0.455497 0.656796 0.459162 0.660194 0.460733 0.700000 0.467016 0.727184 0.464398 0.736408 0.465445 0.748544 0.476440 0.754369 0.484293 0.764078 0.494241 0.765534 0.497382 0.772816 0.505759 0.774272 0.509424 0.779612 0.514136 0.780583 0.517277 0.784951 0.519895 0.789806 0.526178 0.794660 0.529319 0.796117 0.534031 0.799515 0.537173 0.803883 0.545550 0.804854 0.549738 0.813592 0.558115 0.818932 0.557592 0.825243 0.547120 0.827184 0.545550 0.842233 0.546597 0.843204 0.545550 0.842718 0.533508 0.841748 0.531414 0.834466 0.531414 0.829126 0.535602 0.826699 0.540838 0.825243 0.538220 0.825243 0.533508 0.829126 0.530890 0.829126 0.524607 0.824757 0.521466 0.825728 0.516230 0.819417 0.514136 0.815049 0.515707 0.813107 0.513089 0.814078 0.509948 0.811650 0.503665 0.809709 0.502094 0.800485 0.499476 0.798058 0.497382 0.797087 0.493194 0.793204 0.488482 0.788350 0.478534 0.790777 0.475916 0.795146 0.475916 0.807767 0.478010 0.814563 0.477487 0.824757 0.479581 0.829612 0.478534 0.834466 0.481675 0.838350 0.487435 0.845146 0.492670 0.847573 0.492147 0.850971 0.487435 0.857767 0.483246 0.866505 0.485340 0.880097 0.484817 0.888835 0.485864 0.892233 0.487958 0.900485 0.487435 0.906311 0.484817 0.907282 0.478534 0.905340 0.470157 0.901456 0.464398 0.897087 0.450262 0.893689 0.446073 0.888350 0.443455 0.885922 0.443455 0.882039 0.440314 0.865049 0.434031 0.854854 0.432461 0.851456 0.427225 0.842718 0.417801 0.832039 0.409424 0.814078 0.391623 0.811650 0.384293 0.812136 0.372251 0.811165 0.368063 0.812136 0.353927 0.814563 0.349738 0.815049 0.343979 0.812136 0.330890 0.804369 0.320942 0.797087 0.314136 0.788350 0.301571 0.782524 0.296859 0.777184 0.290052 0.772330 0.287958 0.759223 0.288482 0.752427 0.287435 0.747573 0.282199 0.735922 0.274346 0.699029 0.263351 0.690291 0.258115 0.687379 0.257592 0.684951 0.254974 0.674272 0.249215 0.666505 0.247644 0.662136 0.252880 0.658252 0.254450 0.653398 0.258639
0 0.717476 0.586387 0.707282 0.581152 0.701456 0.572775 0.690777 0.569110 0.689320 0.567539 0.688350 0.561780 0.685922 0.558115 0.675728 0.556545 0.668447 0.553403 0.650000 0.552356 0.638350 0.547120 0.633495 0.547120 0.630097 0.549215 0.627184 0.548691 0.625243 0.552880 0.616990 0.563874 0.616019 0.567539 0.611165 0.572251 0.607767 0.581152 0.601942 0.585864 0.599029 0.590576 0.593689 0.593194 0.591748 0.596335 0.580583 0.599476 0.576699 0.598953 0.571845 0.601047 0.567476 0.604712 0.563592 0.605236 0.560680 0.608377 0.556796 0.608377 0.550971 0.611518 0.540777 0.612565 0.525243 0.616230 0.518447 0.620419 0.510194 0.617277 0.509223 0.621990 0.504854 0.629843 0.504854 0.634031 0.501942 0.637696 0.501942 0.642932 0.499515 0.646597 0.499029 0.650262 0.498058 0.651309 0.494175 0.650262 0.491262 0.654450 0.484951 0.658639 0.481068 0.664921 0.480583 0.678010 0.489320 0.691099 0.497087 0.695812 0.501456 0.701571 0.506311 0.704712 0.508252 0.713613 0.516990 0.731414 0.529126 0.746073 0.531553 0.751832 0.536408 0.757068 0.541262 0.757068 0.548058 0.750262 0.553883 0.739791 0.558738 0.734555 0.560194 0.734031 0.572330 0.741361 0.577184 0.740838 0.584951 0.737173 0.600000 0.727225 0.611650 0.723560 0.627670 0.721466 0.637864 0.716754 0.643689 0.712042 0.648544 0.709948 0.656311 0.697906 0.663107 0.694241 0.687379 0.670157 0.694175 0.660733 0.702427 0.642932 0.704854 0.626702 0.710680 0.616754 0.711650 0.610995 0.717476 0.593717
0 0.316505 0.269634 0.300971 0.266492 0.286893 0.265969 0.276699 0.262827 0.264078 0.261780 0.256796 0.258639 0.252427 0.258115 0.247573 0.260209 0.227670 0.263874 0.224272 0.265969 0.219417 0.265969 0.199515 0.272775 0.189806 0.274346 0.174757 0.280628 0.166019 0.282199 0.153883 0.286911 0.149029 0.285340 0.144175 0.279581 0.141262 0.279581 0.133981 0.281675 0.130583 0.284817 0.118932 0.289529 0.107767 0.295812 0.095631 0.298429 0.081068 0.306806 0.076214 0.311518 0.071359 0.313089 0.063107 0.321466 0.058252 0.338743 0.058252 0.346597 0.059223 0.349215 0.071845 0.364398 0.072330 0.370157 0.071359 0.372775 0.072816 0.376440 0.079126 0.382199 0.084951 0.383770 0.090777 0.388482 0.088835 0.389529 0.080097 0.389529 0.075728 0.385864 0.074272 0.387958 0.075728 0.392670 0.080097 0.396859 0.082039 0.397382 0.087379 0.404712 0.096602 0.410995 0.112136 0.419895 0.116990 0.420942 0.122816 0.425131 0.130097 0.427749 0.126214 0.428796 0.125243 0.430890 0.127184 0.446597 0.126699 0.457068 0.133981 0.473298 0.138835 0.480105 0.139806 0.497382 0.141262 0.500000 0.147087 0.504712 0.153883 0.514660 0.159223 0.518848 0.162621 0.525654 0.163107 0.529319 0.166019 0.532461 0.169417 0.533508 0.170874 0.536649 0.174757 0.539791 0.189806 0.546073 0.197087 0.545550 0.204369 0.547644 0.216505 0.548691 0.219417 0.552880 0.225243 0.552880 0.233010 0.548691 0.241262 0.547644 0.247087 0.545550 0.256311 0.538743 0.264078 0.537173 0.271359 0.532984 0.281068 0.531414 0.292233 0.524607 0.310680 0.520419 0.312621 0.517801 0.319417 0.514136 0.321845 0.506806 0.320874 0.496335 0.321359 0.486387 0.324272 0.482723 0.325243 0.478534 0.328155 0.475916 0.328641 0.470681 0.331553 0.466492 0.332039 0.462304 0.334951 0.460209 0.334951 0.454974 0.337379 0.451832 0.336893 0.447644 0.338835 0.443979 0.338835 0.438743 0.336408 0.436126 0.335437 0.432984 0.335922 0.423560 0.341748 0.419895 0.340291 0.416754 0.342233 0.412565 0.341748 0.410471 0.338835 0.407330 0.334466 0.408901 0.329612 0.407330 0.326214 0.409948 0.321845 0.408377 0.318447 0.415707 0.314078 0.414136 0.310194 0.420942 0.305825 0.420942 0.302427 0.423037 0.298058 0.423560 0.295146 0.429319 0.290291 0.428796 0.287379 0.431414 0.283495 0.426178 0.282039 0.421990 0.274272 0.412565 0.273786 0.407330 0.274757 0.403141 0.270874 0.400524 0.270874 0.395812 0.269417 0.392670 0.269903 0.387958 0.268447 0.385864 0.270388 0.377487 0.274757 0.374869 0.275728 0.369634 0.279126 0.365445 0.280097 0.356021 0.276699 0.352880 0.271359 0.352356 0.267961 0.349215 0.267961 0.346073 0.264078 0.347120 0.255825 0.340838 0.251942 0.341361 0.249515 0.336649 0.246602 0.335079 0.236893 0.337173 0.224757 0.344503 0.218932 0.343455 0.217961 0.339267 0.214563 0.338220 0.236408 0.331414 0.239806 0.328272 0.244660 0.328796 0.248544 0.327749 0.250000 0.326178 0.252913 0.313089 0.260680 0.308901 0.268447 0.309948 0.271359 0.307853 0.274272 0.309424 0.280583 0.309948 0.284466 0.308377 0.286893 0.305759 0.290291 0.308901 0.293689 0.308901 0.299029 0.302618 0.300971 0.304188 0.313592 0.302618 0.316019 0.296859 0.318447 0.294764 0.318447 0.291623 0.320874 0.288482 0.323786 0.280105 0.323301 0.274869
