5 0.641955 0.401523 0.671060 0.401523 0.671060 0.451837 0.641955 0.451837
1 0.255903 0.315127 0.566172 0.315127 0.566172 0.695465 0.255903 0.695465
5 0.302856 0.186362 0.498353 0.186362 0.498353 0.327706 0.302856 0.327706
5 0.685338 0.563721 0.909665 0.563721 0.909665 0.754055 0.685338 0.754055
0 0.514278 0.288646 0.568094 0.288646 0.568094 0.385634 0.514278 0.385634
0 0.489566 0.269778 0.530203 0.269778 0.530203 0.320093 0.489566 0.320093
0 0.516200 0.257531 0.610104 0.257531 0.610104 0.314796 0.516200 0.314796
0 0.429434 0.141675 0.517847 0.141675 0.517847 0.223767 0.429434 0.223767
0 0.492037 0.214830 0.560681 0.214830 0.560681 0.275737 0.492037 0.275737
0 0.442065 0.270440 0.515102 0.270440 0.515102 0.355180 0.442065 0.355180
5 0.723229 0.309169 0.767161 0.309169 0.767161 0.439921 0.723229 0.439921
5 0.561505 0.335650 0.598847 0.335650 0.598847 0.471367 0.561505 0.471367
5 0.587315 0.325389 0.640308 0.325389 0.640308 0.437603 0.587315 0.437603
5 0.572213 0.323072 0.601043 0.323072 0.601043 0.361470 0.572213 0.361470
5 0.613125 0.231049 0.720483 0.231049 0.720483 0.304204 0.613125 0.304204
5 0.622735 0.313803 0.675178 0.313803 0.675178 0.449189 0.622735 0.449189
5 0.720483 0.286329 0.792971 0.286329 0.792971 0.354849 0.720483 0.354849
0 0.537068 0.382655 0.665294 0.382655 0.665294 0.603774 0.537068 0.603774
0 0.791598 0.364118 0.855848 0.364118 0.855848 0.533598 0.791598 0.533598
5 0.836079 0.383648 0.905272 0.383648 0.905272 0.530288 0.836079 0.530288
5 0.670511 0.569679 0.696046 0.569679 0.696046 0.628931 0.670511 0.628931
6 0.011532 0.744786 0.201263 0.744786 0.201263 0.966567 0.011532 0.966567
5 0.654860 0.401523 0.651016 0.403509 0.648545 0.407812 0.645524 0.421715 0.643602 0.435617 0.641955 0.438928 0.644152 0.448196 0.646623 0.451837 0.650467 0.451837 0.655684 0.448196 0.658429 0.443562 0.657606 0.440583 0.658429 0.438928 0.668863 0.436941 0.670785 0.433631 0.671060 0.423039 0.670511 0.415425 0.668589 0.411122 0.662823 0.405826
1 0.299286 0.322079 0.297913 0.323403 0.295442 0.329030 0.289951 0.335650 0.288852 0.337968 0.287754 0.352863 0.286656 0.355180 0.284459 0.357498 0.281439 0.359153 0.279242 0.361801 0.271829 0.365773 0.268259 0.366435 0.266063 0.367759 0.263317 0.373055 0.260022 0.377027 0.258375 0.382324 0.258375 0.384972 0.256452 0.394902 0.256452 0.401192 0.255903 0.402847 0.256452 0.406819 0.256178 0.412777 0.257551 0.424032 0.258375 0.447534 0.259473 0.451837 0.259473 0.455147 0.261669 0.461106 0.263591 0.464416 0.266337 0.480967 0.271554 0.494538 0.271554 0.497848 0.272652 0.501821 0.272652 0.510096 0.274574 0.526316 0.275947 0.529957 0.276771 0.536908 0.276222 0.552135 0.274849 0.555776 0.274300 0.559417 0.274849 0.566369 0.274300 0.576299 0.275398 0.578616 0.279242 0.579278 0.280340 0.582589 0.283361 0.584244 0.286381 0.589209 0.289951 0.599470 0.288303 0.606422 0.289127 0.611387 0.294893 0.626945 0.296540 0.634558 0.297913 0.637537 0.303679 0.644158 0.305876 0.647799 0.309171 0.650447 0.314662 0.659384 0.318232 0.663025 0.330588 0.671301 0.338276 0.675273 0.356398 0.682224 0.364635 0.687190 0.384679 0.690169 0.393191 0.692155 0.401428 0.695134 0.404997 0.695465 0.409665 0.694472 0.417628 0.694803 0.419550 0.694141 0.451400 0.692817 0.466502 0.688514 0.470071 0.686197 0.474739 0.681562 0.479407 0.679245 0.483526 0.678252 0.486546 0.676266 0.490664 0.675273 0.502197 0.674942 0.506315 0.672294 0.510708 0.666005 0.516200 0.662694 0.519769 0.658060 0.522790 0.656074 0.526908 0.649785 0.531301 0.647137 0.534322 0.642833 0.538715 0.639523 0.543383 0.627276 0.546129 0.623966 0.548051 0.619993 0.549973 0.618007 0.553817 0.616021 0.561230 0.607746 0.562054 0.604105 0.565349 0.596822 0.566172 0.589540 0.564800 0.580271 0.557386 0.576299 0.550796 0.565045 0.552169 0.561404 0.551345 0.556438 0.552169 0.548494 0.553267 0.545846 0.552718 0.540549 0.553542 0.528633 0.552444 0.525323 0.552993 0.522013 0.552169 0.518040 0.552718 0.513406 0.551345 0.510427 0.552444 0.503145 0.551345 0.487256 0.551620 0.481629 0.550522 0.478649 0.550247 0.474346 0.548325 0.466733 0.546952 0.454485 0.544481 0.446872 0.542284 0.431645 0.540637 0.427673 0.540088 0.423039 0.535695 0.414432 0.534322 0.408474 0.528830 0.398875 0.525810 0.395233 0.521142 0.385634 0.517847 0.381662 0.514552 0.375703 0.509336 0.373055 0.507139 0.368752 0.502471 0.364449 0.500824 0.360808 0.498902 0.358491 0.493685 0.355511 0.490664 0.351870 0.488468 0.350546 0.484624 0.344919 0.482702 0.343595 0.476387 0.341609 0.473915 0.339292 0.471444 0.338961 0.470071 0.337306 0.468699 0.330685 0.467600 0.329030 0.455794 0.326382 0.450577 0.321748 0.445360 0.319762 0.439319 0.315458 0.435475 0.315127 0.433278 0.315789 0.428062 0.320093 0.423119 0.321086 0.419824 0.324065 0.407743 0.324065 0.404723 0.325389 0.392367 0.325720 0.389072 0.327375 0.384404 0.327375 0.380286 0.330023 0.376991 0.330023 0.373421 0.331347 0.361340 0.330354 0.353377 0.331016 0.349259 0.330685 0.346787 0.329692 0.341296 0.330685 0.332235 0.327044 0.326469 0.326051 0.321527 0.321417 0.318232 0.319762 0.311367 0.321417
5 0.498353 0.243628 0.496705 0.240980 0.494234 0.239325 0.493410 0.236677 0.490664 0.233035 0.489566 0.228401 0.481054 0.220126 0.477210 0.212843 0.475288 0.205561 0.473915 0.204568 0.464854 0.201920 0.458539 0.201920 0.455519 0.200265 0.452499 0.197286 0.448105 0.194969 0.438770 0.194307 0.432455 0.192982 0.427238 0.189010 0.422295 0.187686 0.400055 0.186362 0.396485 0.187686 0.392641 0.187686 0.386326 0.190334 0.381384 0.190334 0.376167 0.189341 0.369303 0.191327 0.364360 0.193976 0.356123 0.196624 0.354201 0.196624 0.350632 0.199603 0.345964 0.201258 0.342669 0.203906 0.338001 0.204568 0.336354 0.205561 0.334981 0.207878 0.329489 0.211519 0.327293 0.217478 0.321252 0.220126 0.320977 0.224429 0.323723 0.228401 0.323998 0.231711 0.317957 0.236346 0.315761 0.239325 0.315486 0.242635 0.317133 0.247600 0.316035 0.249255 0.313289 0.251241 0.311917 0.257200 0.308622 0.262496 0.304228 0.267130 0.302856 0.271433 0.303405 0.272095 0.308896 0.273088 0.311367 0.275405 0.310269 0.279709 0.306700 0.283019 0.305601 0.286991 0.306974 0.289639 0.313015 0.291294 0.315486 0.293942 0.312191 0.298908 0.311917 0.303542 0.313839 0.305528 0.322076 0.304535 0.324547 0.305528 0.326194 0.307845 0.326469 0.310824 0.325645 0.315458 0.326744 0.318438 0.330588 0.319431 0.338276 0.316452 0.341845 0.322079 0.346238 0.325058 0.350357 0.325389 0.354201 0.323734 0.359418 0.323403 0.361065 0.323734 0.365184 0.326713 0.373696 0.327706 0.380286 0.325720 0.384953 0.322741 0.388797 0.322410 0.391269 0.323403 0.398133 0.323403 0.406645 0.321748 0.412136 0.321748 0.420373 0.320093 0.428611 0.313803 0.433553 0.308176 0.436573 0.305859 0.440143 0.300232 0.449478 0.294604 0.455519 0.289639 0.460187 0.288315 0.461834 0.286660 0.463482 0.283350 0.468424 0.281695 0.473641 0.275074 0.482427 0.270440 0.487370 0.265806 0.488742 0.263820 0.489292 0.259517 0.493410 0.255876 0.497529 0.250248 0.498353 0.248262
5 0.908841 0.603774 0.901428 0.600132 0.897858 0.595167 0.896211 0.594174 0.886052 0.594174 0.878638 0.596160 0.873421 0.598477 0.870401 0.597815 0.865733 0.592850 0.863537 0.591526 0.861340 0.588216 0.854476 0.582920 0.850906 0.579278 0.846238 0.576630 0.842120 0.572658 0.836354 0.569679 0.834432 0.567693 0.826744 0.563721 0.822625 0.563721 0.821527 0.564714 0.819330 0.570672 0.816859 0.573651 0.810818 0.578616 0.803679 0.579278 0.793245 0.578947 0.782262 0.580602 0.779791 0.582258 0.775673 0.583582 0.771829 0.586561 0.767161 0.588216 0.763317 0.593181 0.760022 0.594174 0.757002 0.596822 0.743548 0.603112 0.741076 0.607084 0.735585 0.609401 0.731192 0.614035 0.728446 0.615028 0.724602 0.615028 0.720209 0.611718 0.711971 0.611387 0.704009 0.614366 0.700439 0.618338 0.697694 0.619331 0.694399 0.624297 0.689182 0.628600 0.685338 0.633896 0.685338 0.635551 0.696595 0.655081 0.709500 0.665674 0.716914 0.672625 0.721032 0.677921 0.722954 0.681562 0.724053 0.686197 0.725700 0.688514 0.727897 0.694141 0.739429 0.713009 0.752059 0.731877 0.754530 0.740814 0.759198 0.751407 0.760022 0.752069 0.763317 0.751738 0.767435 0.747104 0.771829 0.744786 0.778144 0.747766 0.786107 0.753724 0.788029 0.754055 0.791598 0.752731 0.793245 0.747104 0.793245 0.743462 0.790225 0.740483 0.788303 0.735518 0.788852 0.730553 0.789676 0.728567 0.791323 0.726912 0.795167 0.725588 0.802581 0.726250 0.807249 0.725257 0.810818 0.728236 0.813289 0.737173 0.816310 0.741145 0.818506 0.742469 0.822900 0.741807 0.830313 0.735187 0.832784 0.729560 0.835530 0.724926 0.835805 0.713340 0.837452 0.707051 0.839923 0.701092 0.845140 0.693810 0.846513 0.690831 0.854750 0.688183 0.862713 0.688845 0.865733 0.690169 0.869852 0.693810 0.873696 0.695796 0.875892 0.698113 0.877814 0.698444 0.881933 0.695134 0.884679 0.688514 0.887699 0.685204 0.900055 0.681562 0.903899 0.677921 0.906096 0.672956 0.906645 0.668653 0.905546 0.662032 0.903624 0.656405 0.902526 0.648130 0.903899 0.642502 0.906919 0.638199 0.908292 0.632241 0.906370 0.618669 0.907468 0.612380 0.909665 0.607084
0 0.548600 0.288646 0.541186 0.289970 0.537068 0.294273 0.532674 0.295266 0.530478 0.296922 0.528556 0.306852 0.529105 0.309831 0.528556 0.310493 0.525810 0.309831 0.524712 0.311155 0.521417 0.319100 0.519769 0.325720 0.516749 0.329692 0.514552 0.348560 0.514278 0.362132 0.515376 0.367759 0.517298 0.372062 0.523064 0.379014 0.524712 0.381993 0.532125 0.385634 0.538166 0.385634 0.545030 0.382986 0.550247 0.379345 0.554091 0.375372 0.559308 0.366104 0.562603 0.358160 0.563427 0.351870 0.567545 0.334326 0.568094 0.329361 0.566722 0.325720 0.566172 0.314465 0.564800 0.310824 0.563152 0.301887 0.560681 0.297915 0.555739 0.293611 0.554091 0.291294
0 0.490664 0.270109 0.489566 0.271764 0.489841 0.279378 0.491214 0.283681 0.492861 0.296260 0.494509 0.302549 0.496431 0.306852 0.500824 0.311817 0.509885 0.316120 0.513729 0.316452 0.516749 0.320093 0.518122 0.320093 0.522241 0.316120 0.528007 0.305859 0.530203 0.299570 0.529105 0.294935 0.526085 0.290963 0.523613 0.289308 0.520319 0.285336 0.511807 0.279047 0.508237 0.277392 0.506041 0.275405 0.501647 0.274081 0.498353 0.270440 0.495881 0.269778
0 0.516200 0.278054 0.516200 0.279709 0.521417 0.283681 0.524163 0.288315 0.527183 0.289970 0.529379 0.292618 0.532125 0.294273 0.534047 0.294273 0.540637 0.289639 0.545579 0.287984 0.548874 0.287653 0.553817 0.290301 0.562328 0.299901 0.565623 0.306521 0.567545 0.313141 0.571115 0.314796 0.579901 0.313141 0.584843 0.313141 0.591708 0.311155 0.596376 0.308176 0.600220 0.307183 0.602142 0.305197 0.605162 0.303542 0.608182 0.300232 0.610104 0.294273 0.610104 0.290632 0.608457 0.286660 0.604064 0.281033 0.601318 0.279709 0.599121 0.276399 0.596376 0.276399 0.592532 0.270440 0.590060 0.269447 0.584294 0.264813 0.580176 0.264151 0.576332 0.261503 0.573037 0.260841 0.568644 0.258524 0.558759 0.257531 0.547776 0.257531 0.544481 0.258524 0.534322 0.259186 0.532949 0.259848 0.528281 0.265475 0.524712 0.267792 0.521966 0.271764 0.518396 0.274412
0 0.431631 0.150281 0.429434 0.158226 0.429434 0.164515 0.430807 0.171466 0.439319 0.185700 0.443712 0.190334 0.458265 0.198941 0.468424 0.199603 0.474190 0.201258 0.478034 0.205561 0.479681 0.209533 0.480780 0.215823 0.481878 0.218140 0.487370 0.221781 0.494234 0.223767 0.498627 0.221781 0.513180 0.218140 0.517024 0.214167 0.517573 0.212512 0.517847 0.203906 0.517298 0.198941 0.515102 0.190003 0.498353 0.168818 0.487095 0.158226 0.477485 0.153592 0.473366 0.150612 0.459363 0.143992 0.448655 0.141675 0.438770 0.141675
0 0.559308 0.228732 0.557386 0.224429 0.554091 0.219464 0.548874 0.216485 0.542834 0.214830 0.524986 0.215492 0.509061 0.218802 0.501647 0.221781 0.496980 0.225422 0.494509 0.228732 0.493410 0.231380 0.493685 0.236346 0.496980 0.238663 0.499725 0.242635 0.500275 0.248924 0.498078 0.254551 0.492037 0.259186 0.492312 0.264151 0.493685 0.266137 0.497254 0.267461 0.499725 0.269778 0.505766 0.273419 0.510159 0.275405 0.514278 0.275737 0.517024 0.272757 0.522241 0.269116 0.533498 0.257862 0.537891 0.256869 0.545579 0.256538 0.556013 0.254220 0.558484 0.251903 0.560132 0.247931 0.560681 0.237339
0 0.443163 0.303211 0.442065 0.306190 0.443163 0.310162 0.450577 0.315127 0.454421 0.319762 0.459363 0.322741 0.467051 0.325058 0.472543 0.328368 0.477759 0.335650 0.486546 0.342271 0.493685 0.343926 0.498627 0.344257 0.500275 0.346243 0.501098 0.349884 0.503020 0.353194 0.509610 0.355180 0.510983 0.353525 0.514827 0.341940 0.515102 0.337637 0.513729 0.333333 0.513729 0.330023 0.512081 0.327375 0.510434 0.320424 0.503569 0.313472 0.498078 0.311155 0.494509 0.304866 0.492861 0.298246 0.491214 0.294935 0.491214 0.290963 0.490115 0.285998 0.489017 0.273419 0.487644 0.270771 0.485722 0.270440 0.477485 0.274412 0.471993 0.280702 0.467875 0.283350 0.463482 0.288646 0.461010 0.290301 0.459363 0.292949 0.455519 0.295597 0.446458 0.299239
5 0.728171 0.309169 0.724327 0.311817 0.723229 0.313472 0.723229 0.326713 0.726524 0.340616 0.727622 0.350546 0.729819 0.360477 0.730093 0.365773 0.731192 0.369414 0.732015 0.379014 0.734212 0.387289 0.735036 0.395895 0.737507 0.403840 0.738880 0.411784 0.741625 0.420391 0.743273 0.428997 0.745470 0.435286 0.748215 0.438928 0.756727 0.439921 0.763591 0.438265 0.766063 0.436279 0.767161 0.432307 0.766337 0.428004 0.766886 0.422377 0.766063 0.408474 0.760571 0.384972 0.758649 0.381662 0.757551 0.377690 0.757276 0.363787 0.755629 0.353856 0.755080 0.345912 0.752608 0.336975 0.751510 0.329692 0.749863 0.325058 0.748764 0.314796 0.747666 0.313472 0.739429 0.311486 0.736134 0.309831 0.732565 0.310493 0.730093 0.309169
5 0.570291 0.335650 0.568644 0.336975 0.567271 0.345581 0.563976 0.353856 0.561505 0.365442 0.561779 0.377027 0.563976 0.392254 0.565898 0.400861 0.569467 0.412115 0.571664 0.423701 0.574410 0.431645 0.576881 0.436279 0.579901 0.444224 0.585667 0.451175 0.587315 0.454154 0.591159 0.469050 0.594728 0.471367 0.596376 0.471367 0.598023 0.469712 0.598847 0.467395 0.598847 0.463092 0.597748 0.458457 0.596376 0.441907 0.593904 0.435286 0.592257 0.425687 0.588138 0.411453 0.583196 0.383317 0.581274 0.368421 0.579352 0.360477 0.577979 0.357498 0.577430 0.351870 0.572762 0.336643 0.571938 0.335650
5 0.638386 0.326713 0.634816 0.325389 0.630972 0.326051 0.627403 0.325720 0.624108 0.327706 0.619165 0.328368 0.613125 0.330685 0.610379 0.332340 0.607908 0.335319 0.604064 0.336975 0.595277 0.347898 0.593081 0.353194 0.592532 0.357167 0.590335 0.360808 0.588413 0.365773 0.587315 0.371400 0.587315 0.381331 0.588413 0.383979 0.587864 0.397219 0.590335 0.411784 0.595003 0.428004 0.599121 0.434293 0.602965 0.436941 0.607084 0.437603 0.610928 0.435617 0.615321 0.431314 0.617518 0.427342 0.618616 0.421384 0.618616 0.416087 0.619989 0.404171 0.621362 0.400199 0.621636 0.395564 0.623284 0.392585 0.624108 0.384972 0.625206 0.381662 0.625481 0.376696 0.626853 0.373386 0.627128 0.369745 0.629325 0.362132 0.631521 0.358160 0.632345 0.353525 0.634267 0.349553 0.634816 0.346574 0.637287 0.341940 0.640033 0.334326 0.640308 0.329361
5 0.575783 0.323072 0.572213 0.325720 0.572213 0.327375 0.573311 0.330023 0.573037 0.333995 0.574684 0.339292 0.577705 0.345912 0.578528 0.350215 0.579901 0.353194 0.583471 0.358160 0.586766 0.361139 0.588413 0.361470 0.590884 0.358160 0.594454 0.348229 0.601043 0.338299 0.601043 0.334657 0.599945 0.333002 0.584569 0.323734
5 0.618342 0.238332 0.616420 0.247600 0.613399 0.255545 0.613125 0.267130 0.613674 0.271433 0.616420 0.279709 0.618616 0.292618 0.620538 0.295597 0.627403 0.301556 0.634541 0.304204 0.644975 0.303873 0.661175 0.300894 0.665568 0.297915 0.672982 0.296260 0.681219 0.298246 0.690280 0.298246 0.697968 0.300232 0.701263 0.299570 0.705382 0.297584 0.708951 0.297253 0.713893 0.294935 0.717738 0.291956 0.720483 0.284012 0.720209 0.277723 0.719385 0.275074 0.716639 0.271764 0.710049 0.268123 0.691653 0.261172 0.687809 0.258524 0.684789 0.254882 0.677924 0.254882 0.657880 0.246276 0.653762 0.242966 0.642504 0.240649 0.627128 0.231049 0.623558 0.231049 0.622460 0.231711
5 0.670785 0.313803 0.669138 0.313803 0.667216 0.316783 0.665019 0.317445 0.662823 0.321086 0.661450 0.321417 0.660077 0.320424 0.660626 0.316783 0.662823 0.314796 0.661999 0.313803 0.658429 0.313803 0.657331 0.314796 0.657057 0.319100 0.658155 0.321086 0.660077 0.321748 0.659253 0.323403 0.657606 0.324396 0.657057 0.326051 0.657057 0.328368 0.657880 0.330023 0.654311 0.329692 0.653762 0.330354 0.654860 0.333995 0.652938 0.335981 0.651840 0.338630 0.648819 0.339954 0.647446 0.342933 0.645250 0.343264 0.643328 0.340285 0.641131 0.341278 0.640582 0.343595 0.638935 0.344919 0.638935 0.346574 0.640308 0.347898 0.640857 0.357498 0.639484 0.359484 0.635365 0.360477 0.632894 0.363787 0.631247 0.367428 0.630972 0.372062 0.629050 0.376696 0.628775 0.380338 0.627403 0.383979 0.627952 0.388613 0.627128 0.393909 0.627677 0.395895 0.627403 0.401523 0.627952 0.404833 0.626853 0.407481 0.626853 0.412115 0.625755 0.415094 0.625755 0.419067 0.624657 0.423039 0.624657 0.427011 0.623558 0.430983 0.622735 0.438596 0.623009 0.446541 0.623833 0.448196 0.625481 0.449189 0.627677 0.449189 0.634816 0.443893 0.641131 0.436279 0.644152 0.420391 0.645799 0.415756 0.645799 0.412777 0.647446 0.408143 0.648819 0.400861 0.654860 0.388944 0.656233 0.383979 0.659802 0.375372 0.661724 0.372724 0.664470 0.364118 0.670511 0.349884 0.672433 0.335319 0.674080 0.330354 0.675178 0.323403 0.674904 0.319100 0.671609 0.316452 0.671609 0.314796
5 0.721582 0.291294 0.720483 0.294273 0.721032 0.295597 0.724053 0.296591 0.728720 0.296260 0.738880 0.298246 0.747392 0.303873 0.749314 0.306190 0.750961 0.310162 0.756727 0.315127 0.759198 0.322079 0.759198 0.330023 0.761120 0.333664 0.767710 0.342271 0.774025 0.344919 0.783361 0.353856 0.786656 0.354849 0.791049 0.354849 0.792422 0.353525 0.792971 0.347236 0.792422 0.338299 0.791323 0.330354 0.788852 0.321086 0.785832 0.315127 0.780066 0.307183 0.771829 0.298246 0.768259 0.296591 0.764141 0.292618 0.758100 0.289639 0.741076 0.286329 0.727897 0.288315 0.723778 0.289639
0 0.547776 0.383979 0.544481 0.389937 0.541461 0.390599 0.538715 0.393247 0.537068 0.398544 0.537068 0.401854 0.540362 0.416749 0.543657 0.423701 0.545305 0.431645 0.546403 0.443231 0.548051 0.450844 0.554915 0.464416 0.559857 0.470705 0.562328 0.478318 0.562328 0.481960 0.560681 0.487587 0.556562 0.494207 0.555464 0.504469 0.555464 0.515061 0.556013 0.522675 0.557111 0.526978 0.558484 0.529295 0.565898 0.536577 0.565898 0.547501 0.567545 0.553128 0.571389 0.558755 0.577430 0.562066 0.584843 0.564383 0.589237 0.567031 0.597748 0.575968 0.607908 0.579940 0.615596 0.585237 0.624108 0.589209 0.627952 0.593181 0.632070 0.594836 0.638111 0.595829 0.640857 0.598808 0.650192 0.603112 0.654860 0.603774 0.661724 0.600463 0.665294 0.592519 0.665294 0.591195 0.661999 0.583582 0.658704 0.581927 0.655958 0.576961 0.650192 0.570341 0.647446 0.562066 0.643053 0.557100 0.640857 0.548163 0.639209 0.546177 0.633718 0.543198 0.631521 0.540218 0.628775 0.539225 0.624657 0.531281 0.618891 0.526316 0.604064 0.509103 0.602416 0.506124 0.601043 0.501490 0.596101 0.494538 0.593355 0.481629 0.591708 0.477987 0.590060 0.470374 0.587315 0.463092 0.586491 0.455147 0.584843 0.451837 0.580450 0.447203 0.577430 0.440583 0.570291 0.432638 0.568918 0.426680 0.565074 0.416087 0.564250 0.408474 0.562603 0.400530 0.560956 0.395895 0.556837 0.386958 0.554366 0.383648 0.551895 0.382655
0 0.805052 0.364118 0.803130 0.365773 0.800934 0.373717 0.797913 0.376696 0.796815 0.380338 0.795991 0.389275 0.793520 0.391923 0.792696 0.394571 0.791598 0.395895 0.793795 0.398544 0.795442 0.404502 0.801757 0.410460 0.806150 0.413439 0.811367 0.413439 0.817957 0.414763 0.820154 0.416749 0.820428 0.419729 0.821252 0.420060 0.825645 0.419729 0.828666 0.416418 0.832784 0.415094 0.837727 0.415756 0.841296 0.417742 0.842669 0.419729 0.842669 0.428004 0.840747 0.431976 0.837452 0.434624 0.835255 0.437603 0.832510 0.438928 0.829489 0.441907 0.825645 0.451506 0.822625 0.451837 0.819605 0.455478 0.819605 0.460775 0.821801 0.463092 0.820703 0.464085 0.819879 0.467064 0.819879 0.475008 0.819055 0.482291 0.812466 0.494207 0.811917 0.498510 0.809995 0.502152 0.810818 0.505131 0.810544 0.506786 0.809720 0.507779 0.808622 0.507779 0.807798 0.505131 0.805876 0.505462 0.805876 0.506786 0.807798 0.507779 0.808072 0.509434 0.805601 0.511751 0.805052 0.513075 0.805327 0.514399 0.808072 0.516054 0.809995 0.519033 0.812191 0.520026 0.813839 0.522013 0.817683 0.524661 0.819055 0.526978 0.819879 0.530288 0.820977 0.531612 0.825096 0.533598 0.827293 0.533598 0.831960 0.531612 0.834432 0.528964 0.834981 0.525985 0.838276 0.518371 0.842120 0.513737 0.845415 0.501821 0.848984 0.498179 0.849259 0.494869 0.851181 0.491228 0.852554 0.485270 0.853926 0.482291 0.855574 0.474346 0.855299 0.470374 0.855848 0.468057 0.855574 0.463092 0.853377 0.453823 0.853926 0.406488 0.850357 0.394240 0.842669 0.385303 0.836079 0.382655 0.830038 0.376034 0.825920 0.372724 0.820703 0.371069 0.817957 0.369083 0.814388 0.367759 0.810269 0.364449
5 0.866008 0.383648 0.861889 0.383979 0.857770 0.386958 0.855574 0.386627 0.850082 0.383979 0.845964 0.384972 0.847062 0.389937 0.850082 0.394571 0.852554 0.400199 0.854201 0.408474 0.854201 0.424694 0.855025 0.430321 0.855025 0.451837 0.856947 0.460444 0.857221 0.467064 0.854750 0.481960 0.851455 0.493214 0.843493 0.510096 0.841571 0.516054 0.836079 0.525654 0.836079 0.529295 0.837452 0.530288 0.841571 0.529626 0.844865 0.527309 0.849259 0.525985 0.853103 0.523668 0.864909 0.521351 0.873421 0.520689 0.880011 0.521020 0.891818 0.523999 0.893191 0.523668 0.894563 0.521682 0.894838 0.517047 0.894014 0.514068 0.894014 0.509103 0.894838 0.506786 0.898682 0.503145 0.904174 0.500497 0.905272 0.498841 0.904997 0.490897 0.902526 0.485270 0.901977 0.477656 0.899231 0.466402 0.899231 0.459451 0.897858 0.457464 0.891269 0.453492 0.889347 0.451175 0.887424 0.447203 0.886326 0.438928 0.885228 0.436610 0.877814 0.430321 0.875069 0.426680 0.874245 0.423701 0.876442 0.416418 0.878913 0.412777 0.880011 0.408805 0.879462 0.404171 0.878089 0.400861 0.874794 0.396888 0.868753 0.386296
5 0.676551 0.569679 0.675178 0.570341 0.672158 0.573982 0.670785 0.580271 0.670511 0.596491 0.671884 0.612380 0.673256 0.619000 0.677100 0.626614 0.680395 0.628931 0.685338 0.628931 0.689456 0.626614 0.694124 0.621317 0.695772 0.616352 0.696046 0.610394 0.694124 0.601787 0.691378 0.593843 0.690555 0.588216 0.688083 0.579278 0.684514 0.573982 0.680395 0.571003
6 0.126579 0.746773 0.111477 0.744786 0.107908 0.745780 0.102142 0.745780 0.088138 0.747435 0.084843 0.749421 0.075508 0.751407 0.071664 0.753393 0.068918 0.756372 0.062603 0.758358 0.059857 0.761337 0.051895 0.766634 0.049973 0.769282 0.040088 0.777557 0.035146 0.786164 0.031027 0.790467 0.029929 0.795101 0.024712 0.802383 0.022790 0.809666 0.020319 0.812976 0.017847 0.818272 0.015651 0.825223 0.014827 0.833168 0.012356 0.846077 0.011532 0.862297 0.013454 0.881165 0.015102 0.885137 0.015102 0.888117 0.016749 0.895730 0.019769 0.901688 0.020868 0.905991 0.022790 0.908640 0.024437 0.913274 0.027183 0.916584 0.032400 0.927838 0.035695 0.931149 0.039813 0.937769 0.044206 0.940748 0.047227 0.944720 0.054366 0.949355 0.056837 0.952003 0.063976 0.955975 0.067545 0.956968 0.071115 0.959947 0.079352 0.962926 0.099121 0.966567 0.108182 0.966236 0.123833 0.963588 0.127128 0.961933 0.132619 0.960609 0.137287 0.957630 0.147721 0.953658 0.152663 0.949355 0.160901 0.944720 0.164195 0.941410 0.166118 0.938100 0.171884 0.932804 0.174904 0.928832 0.176277 0.925852 0.180945 0.920556 0.182592 0.916253 0.186436 0.911288 0.189731 0.903343 0.190005 0.901026 0.192477 0.896723 0.195497 0.888779 0.195772 0.884806 0.197419 0.880834 0.197419 0.877524 0.198792 0.872890 0.198792 0.870242 0.200988 0.859318 0.201263 0.845084 0.200165 0.841443 0.199341 0.832506 0.196595 0.822244 0.195222 0.813638 0.193026 0.807349 0.191378 0.805362 0.188633 0.798742 0.183690 0.791791 0.179297 0.782191 0.172433 0.774247 0.166667 0.769944 0.163097 0.765641 0.154585 0.759020 0.151290 0.758027 0.140033 0.751076 0.130972 0.749090
