5 0.535335 0.262541 0.534969 0.268034 0.538264 0.275357 0.536434 0.284145 0.538997 0.288905 0.547052 0.295496 0.556207 0.299158 0.563164 0.303918 0.567558 0.303552 0.576346 0.297327 0.577810 0.293665 0.577810 0.288905 0.576712 0.284877 0.574515 0.282680 0.564995 0.278653 0.563164 0.276822 0.557671 0.265471 0.552911 0.261443 0.544489 0.258880 0.540461 0.258880
5 0.491029 0.374954 0.488832 0.375320 0.485903 0.377884 0.481509 0.385573 0.479312 0.391432 0.477481 0.399854 0.477847 0.404614 0.482607 0.407543 0.491029 0.407909 0.492860 0.406811 0.495057 0.404248 0.498718 0.393629 0.497620 0.383742 0.493226 0.376419
5 0.315635 0.290370 0.312340 0.290370 0.308312 0.293665 0.302819 0.302453 0.298425 0.307213 0.293299 0.314903 0.291102 0.328817 0.291102 0.337605 0.294031 0.340168 0.296228 0.339436 0.298425 0.331747 0.303186 0.325522 0.306847 0.323691 0.316734 0.324423 0.319297 0.322959 0.319297 0.321128 0.315269 0.313804 0.315269 0.310143 0.317832 0.298059 0.317832 0.294031
5 0.231783 0.462468 0.227755 0.457342 0.226291 0.451117 0.223728 0.449652 0.220432 0.450384 0.217137 0.452581 0.205053 0.455877 0.191139 0.463200 0.189674 0.465763 0.189674 0.467960 0.191871 0.470524 0.195533 0.471622 0.207616 0.471256 0.225192 0.466130 0.231051 0.463566
5 0.282680 0.390699 0.276456 0.396924 0.275723 0.400220 0.277554 0.405346 0.282680 0.413036 0.290004 0.421091 0.294031 0.422922 0.296228 0.422922 0.299890 0.421457 0.303186 0.418162 0.305016 0.414134 0.305383 0.411571 0.303918 0.407177 0.298425 0.401318 0.292933 0.391798 0.288905 0.389967
5 0.548883 0.309410 0.543391 0.309044 0.540828 0.309777 0.537898 0.312340 0.533504 0.314171 0.525082 0.323325 0.524350 0.328085 0.525449 0.331747 0.533504 0.337605 0.534237 0.341267 0.535335 0.341999 0.544489 0.341999 0.548517 0.337605 0.555108 0.319663 0.554376 0.313072
5 0.447455 0.442329 0.439033 0.447455 0.437202 0.450751 0.435372 0.458440 0.430245 0.462834 0.426218 0.469791 0.425851 0.474185 0.427316 0.476382 0.442695 0.484438 0.451483 0.485536 0.456243 0.484438 0.458806 0.482607 0.461736 0.477481 0.471988 0.467594 0.472721 0.462468 0.466862 0.454412 0.463200 0.452581 0.451849 0.443061
5 0.595752 0.395460 0.592823 0.394361 0.588429 0.394727 0.583669 0.397657 0.580007 0.398755 0.574515 0.404980 0.568656 0.407177 0.563530 0.407909 0.560967 0.409374 0.558770 0.411571 0.557671 0.415599 0.555474 0.417796 0.551080 0.419993 0.550348 0.422190 0.551080 0.425485 0.556207 0.433907 0.562431 0.441596 0.563896 0.445258 0.566825 0.447821 0.573782 0.447821 0.592091 0.441596 0.596119 0.439399 0.596851 0.434639 0.593189 0.428415 0.589528 0.418162 0.590260 0.411937 0.599780 0.404248 0.599414 0.399854
5 0.326620 0.456243 0.322592 0.453680 0.314537 0.454046 0.310509 0.455511 0.304650 0.461736 0.298425 0.464665 0.294764 0.469425 0.293665 0.472354 0.293665 0.475284 0.295130 0.478213 0.305383 0.483706 0.313438 0.484072 0.319663 0.483339 0.324057 0.479312 0.325156 0.476748 0.327353 0.465397 0.327353 0.458074
5 0.464299 0.389601 0.460271 0.388136 0.457708 0.388136 0.454778 0.389235 0.450384 0.393629 0.442329 0.403881 0.437569 0.408275 0.436104 0.411937 0.433175 0.415965 0.432808 0.419627 0.433907 0.421091 0.435738 0.422190 0.440132 0.422922 0.443061 0.422556 0.445624 0.420725 0.452581 0.413402 0.465031 0.397657 0.466130 0.392164
5 0.482607 0.345295 0.481509 0.348224 0.482607 0.357012 0.487367 0.364335 0.491395 0.372757 0.491761 0.377151 0.493592 0.380447 0.495423 0.387770 0.497620 0.388136 0.500183 0.387038 0.507140 0.386672 0.510802 0.385573 0.521055 0.378250 0.523618 0.378616 0.525449 0.381179 0.532772 0.380447 0.532040 0.378982 0.532772 0.376419 0.533870 0.376785 0.534969 0.379714 0.537532 0.380447 0.537532 0.384841 0.540461 0.385207 0.544123 0.389235 0.551446 0.392896 0.560967 0.392896 0.564995 0.389967 0.568656 0.389235 0.569755 0.387770 0.569022 0.381179 0.563530 0.374588 0.560234 0.367265 0.552911 0.361406 0.544489 0.359575 0.540461 0.359575 0.529843 0.349689 0.530209 0.345295 0.531673 0.343464 0.535701 0.341267 0.536800 0.338704 0.535701 0.337239 0.533504 0.336507 0.524716 0.336507 0.521787 0.337605 0.517759 0.337239 0.511534 0.341999 0.506408 0.343464 0.501282 0.341633 0.497986 0.339070 0.493592 0.338704 0.486269 0.340901
0 0.329183 0.501648 0.325522 0.507140 0.322959 0.507506 0.321128 0.508971 0.320029 0.512999 0.314171 0.517027 0.309410 0.528012 0.307213 0.531307 0.303552 0.546320 0.302453 0.548151 0.302087 0.562798 0.302819 0.571952 0.306481 0.587697 0.308678 0.591725 0.313072 0.604174 0.318565 0.612962 0.321494 0.619553 0.333944 0.634932 0.350055 0.651410 0.360308 0.659465 0.372025 0.665690 0.381545 0.666056 0.404248 0.673014 0.407543 0.673014 0.423288 0.676675 0.428415 0.676675 0.439033 0.674478 0.458806 0.665690 0.469059 0.658733 0.485170 0.644086 0.494324 0.630904 0.498352 0.619553 0.500183 0.608934 0.499451 0.597217 0.496155 0.586232 0.491395 0.574515 0.487733 0.569389 0.481509 0.556207 0.477115 0.551446 0.473087 0.544123 0.456975 0.528012 0.431710 0.511168 0.412669 0.504211 0.393263 0.495423 0.384475 0.492494 0.369462 0.490663 0.353350 0.491395 0.345661 0.493592 0.340901 0.496888 0.337239 0.496888 0.333944 0.499817
0 0.342365 0.288905 0.340535 0.289271 0.334676 0.293299 0.328817 0.295496 0.326986 0.299524 0.323325 0.300622 0.321860 0.302087 0.318931 0.310143 0.319663 0.312340 0.324423 0.317832 0.324423 0.318931 0.319297 0.324789 0.318931 0.326986 0.324057 0.330648 0.325888 0.334676 0.325522 0.338704 0.321494 0.348956 0.318931 0.362871 0.315269 0.366166 0.309410 0.365434 0.306847 0.363603 0.305749 0.358843 0.306115 0.353350 0.308312 0.349689 0.309044 0.345661 0.313072 0.342365 0.314171 0.328817 0.310509 0.324057 0.302819 0.324789 0.301355 0.326254 0.299524 0.329550 0.296595 0.340168 0.295862 0.350055 0.294398 0.352984 0.291102 0.356646 0.292567 0.362505 0.290004 0.373856 0.292933 0.377151 0.289271 0.379348 0.286342 0.383010 0.282314 0.385207 0.281216 0.388869 0.275357 0.395460 0.275357 0.404248 0.270597 0.407909 0.265837 0.416331 0.265104 0.422922 0.265471 0.432442 0.267668 0.443427 0.267668 0.451117 0.266203 0.454412 0.266203 0.458074 0.264738 0.462102 0.264738 0.466130 0.261809 0.479678 0.260344 0.498352 0.258513 0.502014 0.258513 0.510802 0.260344 0.515562 0.263640 0.519590 0.267668 0.520322 0.280483 0.529476 0.287440 0.532040 0.291468 0.532040 0.296228 0.533504 0.302087 0.532772 0.304650 0.526913 0.310509 0.519956 0.313804 0.509337 0.314537 0.502014 0.322959 0.499451 0.325888 0.499451 0.332845 0.492127 0.340168 0.489930 0.340168 0.488832 0.337971 0.487733 0.337971 0.485903 0.341267 0.487001 0.345295 0.484438 0.352984 0.482973 0.355914 0.484072 0.360308 0.483339 0.373856 0.483706 0.374588 0.481142 0.372757 0.478213 0.372757 0.474918 0.374222 0.470157 0.371293 0.467228 0.375320 0.465031 0.377517 0.462834 0.381545 0.461736 0.385207 0.458806 0.387038 0.453680 0.387770 0.447821 0.389235 0.445990 0.392896 0.445990 0.396558 0.443427 0.400586 0.443061 0.400220 0.442329 0.397290 0.441963 0.395460 0.439766 0.396924 0.435372 0.395093 0.431710 0.393995 0.425119 0.394361 0.423288 0.397290 0.420359 0.398755 0.413402 0.398755 0.407543 0.396924 0.402783 0.388869 0.393995 0.383010 0.391066 0.377151 0.389601 0.368363 0.380447 0.366166 0.375320 0.361040 0.373123 0.359209 0.370194 0.359575 0.368729 0.361040 0.367997 0.373856 0.368729 0.376785 0.367631 0.382278 0.367631 0.384475 0.366532 0.397657 0.366899 0.398389 0.366166 0.398389 0.363969 0.397290 0.361772 0.397290 0.356280 0.392896 0.351520 0.391066 0.351520 0.388136 0.353350 0.384108 0.352618 0.381179 0.354815 0.378616 0.355181 0.377151 0.357012 0.376785 0.353350 0.381545 0.350787 0.380813 0.348956 0.378616 0.348590 0.374954 0.346027 0.361040 0.344562 0.354083 0.342732 0.350421 0.340901 0.348224 0.340901 0.346027 0.342365 0.344929 0.341267 0.344929 0.337971 0.344196 0.336873 0.338704 0.334676 0.336141 0.332113 0.334310 0.327719 0.330648 0.327353 0.328817 0.325888 0.327353 0.321128 0.329183 0.318931 0.333211 0.320395 0.338338 0.320395 0.340168 0.322226 0.340901 0.325522 0.342365 0.325522 0.344196 0.321494 0.344196 0.317832 0.342365 0.314537 0.342732 0.313438 0.345295 0.311241 0.351153 0.311974 0.353717 0.310143 0.352252 0.308678 0.348956 0.307580 0.348224 0.305383 0.350055 0.303918 0.352618 0.303552 0.358111 0.304650 0.359575 0.303186 0.359575 0.302087 0.354083 0.296961 0.352252 0.297693 0.351153 0.301355 0.346759 0.301721 0.345295 0.298792 0.344196 0.291468
0 0.447821 0.286342 0.442329 0.285610 0.430611 0.285976 0.426218 0.288173 0.416331 0.289637 0.411205 0.292567 0.404614 0.294764 0.400586 0.299524 0.398389 0.304284 0.394361 0.308312 0.384475 0.315269 0.380081 0.320029 0.376053 0.322592 0.373490 0.327353 0.370194 0.330282 0.367631 0.334310 0.366166 0.337971 0.366899 0.343098 0.369462 0.344562 0.385207 0.346759 0.394727 0.351153 0.402417 0.364702 0.408275 0.372025 0.422556 0.377884 0.427682 0.378250 0.429147 0.377517 0.432076 0.373856 0.435372 0.365800 0.439399 0.360674 0.447089 0.357012 0.468327 0.349689 0.473819 0.345661 0.478579 0.339436 0.484438 0.333944 0.487733 0.326254 0.486635 0.321128 0.482241 0.317832 0.466862 0.311241 0.462102 0.310509 0.458440 0.311607 0.454046 0.310143 0.451849 0.307213 0.454412 0.303186 0.454778 0.299524 0.455511 0.298792 0.456243 0.299890 0.459172 0.300622 0.460271 0.299524 0.460271 0.295130 0.455877 0.290736
0 0.709996 0.352252 0.706701 0.349323 0.698279 0.346027 0.679605 0.345295 0.673014 0.346393 0.668253 0.349689 0.657268 0.354083 0.652874 0.358843 0.649945 0.360308 0.642988 0.366899 0.639326 0.372391 0.633834 0.376785 0.630904 0.384475 0.631637 0.392530 0.634200 0.396924 0.636763 0.397290 0.653241 0.395093 0.676309 0.377884 0.689491 0.377884 0.699744 0.373856 0.704138 0.369828 0.710363 0.357744
5 0.660564 0.419993 0.661662 0.423654 0.671183 0.430978 0.673746 0.438667 0.674478 0.443793 0.677041 0.450384 0.684365 0.460637 0.688026 0.467228 0.691688 0.469791 0.701941 0.480410 0.703405 0.483706 0.712193 0.495423 0.717686 0.499451 0.722812 0.506042 0.730868 0.512999 0.738191 0.515928 0.747711 0.525082 0.745514 0.528744 0.745514 0.530941 0.748444 0.533870 0.748444 0.537898 0.751373 0.540828 0.753204 0.540828 0.755767 0.538631 0.760527 0.539363 0.764189 0.537898 0.766020 0.540095 0.767118 0.545222 0.768583 0.544855 0.769681 0.541926 0.771512 0.540095 0.774075 0.541194 0.775174 0.544489 0.776272 0.544489 0.777005 0.541560 0.781399 0.537898 0.794215 0.536800 0.798975 0.534237 0.803369 0.534603 0.807030 0.532040 0.814720 0.532772 0.821311 0.534969 0.822409 0.536800 0.826437 0.536800 0.834859 0.539363 0.836690 0.540828 0.837788 0.545222 0.836690 0.547785 0.831930 0.553277 0.831564 0.557305 0.832662 0.560234 0.841084 0.564628 0.845112 0.567924 0.850604 0.570121 0.858294 0.577444 0.860491 0.581106 0.864152 0.584767 0.868912 0.586598 0.886122 0.587697 0.898938 0.589528 0.911022 0.589161 0.919810 0.584767 0.923105 0.580740 0.924936 0.580007 0.943977 0.578543 0.950568 0.576712 0.955328 0.569389 0.959722 0.559502 0.964848 0.538264 0.967777 0.530209 0.969242 0.508239 0.972171 0.495423 0.975833 0.488832 0.977298 0.480044 0.979495 0.473819 0.980959 0.463933 0.979861 0.459172 0.974735 0.454046 0.972904 0.453314 0.966679 0.445990 0.959722 0.440498 0.953497 0.438667 0.938850 0.437569 0.934822 0.434639 0.932625 0.430978 0.918345 0.423654 0.909191 0.421457 0.904431 0.418894 0.893446 0.415233 0.877334 0.413402 0.863420 0.402783 0.857195 0.395826 0.847675 0.390333 0.843647 0.386305 0.842549 0.384108 0.834859 0.378982 0.830465 0.378982 0.828268 0.382278 0.825705 0.384108 0.811791 0.376053 0.799707 0.372025 0.774442 0.371659 0.770048 0.373123 0.758330 0.373490 0.752472 0.374588 0.750641 0.376053 0.747711 0.383010 0.741120 0.389235 0.736360 0.390333 0.732332 0.393629 0.729403 0.394361 0.724643 0.398023 0.720615 0.399487 0.716953 0.405712 0.713292 0.406811 0.708898 0.409740 0.704504 0.410472 0.701208 0.413402 0.697547 0.413036 0.693519 0.414500 0.689125 0.414866 0.685097 0.417796 0.666789 0.418162 0.662395 0.418894
1 0.912852 0.603808 0.911754 0.603076 0.905529 0.602710 0.900037 0.600879 0.898572 0.599414 0.897840 0.595386 0.896375 0.594288 0.893079 0.593922 0.889418 0.592091 0.880630 0.591725 0.877700 0.590626 0.870743 0.590626 0.862321 0.588429 0.857195 0.584401 0.851703 0.577810 0.839985 0.566825 0.835225 0.563530 0.830831 0.562431 0.829000 0.560967 0.829000 0.549249 0.830099 0.546686 0.834493 0.545222 0.834493 0.544123 0.832662 0.543025 0.829367 0.542658 0.824973 0.543757 0.822409 0.541560 0.818382 0.541926 0.816185 0.540095 0.811058 0.538631 0.806664 0.538631 0.802636 0.539729 0.798242 0.539363 0.794947 0.540828 0.790919 0.540828 0.788356 0.544489 0.782131 0.547052 0.780666 0.549982 0.780300 0.552911 0.778836 0.554742 0.774808 0.555108 0.771512 0.556939 0.767851 0.556939 0.764189 0.560967 0.760527 0.561699 0.757964 0.560967 0.751373 0.554742 0.750275 0.547419 0.748444 0.545588 0.744416 0.544855 0.743317 0.543757 0.738557 0.534237 0.740388 0.528744 0.734529 0.522153 0.733431 0.517027 0.728305 0.515928 0.722446 0.513365 0.720981 0.511900 0.717686 0.506042 0.716587 0.502380 0.712560 0.500549 0.705236 0.492494 0.703772 0.489930 0.702673 0.484804 0.698279 0.482607 0.696814 0.481142 0.695716 0.478213 0.689125 0.473087 0.687660 0.469425 0.681802 0.464665 0.676309 0.454412 0.673014 0.451849 0.671915 0.439033 0.670817 0.437202 0.666423 0.435372 0.663127 0.430245 0.658367 0.429147 0.655071 0.426218 0.652874 0.425851 0.649945 0.426218 0.645917 0.428781 0.642988 0.429147 0.640059 0.433541 0.637862 0.435372 0.632003 0.437569 0.626144 0.438667 0.621384 0.441596 0.614427 0.443427 0.610765 0.443427 0.607470 0.445990 0.595386 0.447089 0.591725 0.451117 0.588063 0.452215 0.551446 0.454778 0.540461 0.454412 0.537532 0.452948 0.530209 0.451483 0.525082 0.452948 0.517759 0.453314 0.514464 0.455877 0.511168 0.460271 0.506042 0.464299 0.501282 0.465763 0.497620 0.468327 0.493592 0.468693 0.489564 0.470157 0.485536 0.470157 0.484438 0.470890 0.483706 0.474551 0.481875 0.476748 0.477847 0.476748 0.474185 0.479678 0.470890 0.478213 0.470157 0.478945 0.470157 0.481509 0.468693 0.483339 0.462102 0.485536 0.458074 0.490297 0.455511 0.490663 0.450384 0.495423 0.447821 0.495057 0.445990 0.498352 0.433907 0.502380 0.435005 0.505676 0.437202 0.507873 0.438667 0.511900 0.440864 0.514464 0.447821 0.517393 0.452581 0.522885 0.457708 0.524716 0.459172 0.526181 0.460637 0.529843 0.466496 0.532040 0.467960 0.533504 0.468327 0.536800 0.470157 0.538997 0.473819 0.540095 0.475284 0.541560 0.475650 0.545222 0.476748 0.547052 0.480410 0.549616 0.483706 0.556207 0.485170 0.561699 0.489564 0.565727 0.495057 0.576712 0.498718 0.580740 0.501282 0.602710 0.500549 0.621018 0.498718 0.630904 0.493226 0.638960 0.489198 0.641889 0.480410 0.653607 0.473819 0.657268 0.469425 0.661296 0.466862 0.664958 0.463200 0.666423 0.459905 0.669718 0.447455 0.673380 0.442695 0.677041 0.438667 0.677774 0.435372 0.679605 0.417796 0.679605 0.403881 0.678506 0.388502 0.671183 0.377884 0.668986 0.373490 0.669352 0.369096 0.667887 0.359941 0.663127 0.355914 0.658367 0.348224 0.653607 0.337971 0.643720 0.336507 0.641157 0.332113 0.636763 0.328451 0.632003 0.326620 0.626144 0.322592 0.624680 0.320762 0.622849 0.319297 0.619187 0.316001 0.615525 0.314537 0.612596 0.311974 0.602710 0.309410 0.599048 0.308678 0.595752 0.305749 0.592091 0.303186 0.582937 0.302819 0.577444 0.300622 0.571219 0.298792 0.554010 0.297327 0.549249 0.295862 0.548517 0.293299 0.549249 0.287440 0.554742 0.283779 0.553277 0.279751 0.549616 0.278653 0.549616 0.274625 0.551813 0.270963 0.555474 0.268034 0.555474 0.264372 0.556939 0.258513 0.556207 0.255218 0.557305 0.247895 0.564995 0.247162 0.569022 0.244233 0.569755 0.240937 0.574149 0.238008 0.574881 0.232882 0.578909 0.228488 0.580373 0.228488 0.584035 0.224826 0.589161 0.223361 0.589161 0.221531 0.587697 0.220798 0.588063 0.220798 0.592091 0.218235 0.595752 0.218601 0.600146 0.216404 0.603442 0.212743 0.603076 0.208349 0.606371 0.202124 0.605273 0.197364 0.606371 0.193336 0.609301 0.189674 0.610765 0.189308 0.612962 0.191871 0.622849 0.194800 0.627609 0.195167 0.630538 0.196631 0.633468 0.201391 0.637495 0.213475 0.639692 0.217137 0.642256 0.217503 0.645917 0.216770 0.650677 0.219700 0.669718 0.222263 0.674112 0.222995 0.678140 0.225192 0.681069 0.226291 0.686928 0.233614 0.704870 0.234346 0.709996 0.236543 0.712926 0.237642 0.716587 0.242402 0.725009 0.248993 0.727572 0.250824 0.729403 0.252289 0.732699 0.257415 0.736726 0.258513 0.741120 0.265471 0.749908 0.273160 0.752838 0.275723 0.755767 0.281582 0.757964 0.286708 0.762724 0.288539 0.766752 0.288905 0.771878 0.290370 0.777005 0.291834 0.779568 0.294764 0.781399 0.299524 0.782131 0.302819 0.783596 0.306847 0.789088 0.312706 0.793116 0.320029 0.796778 0.341633 0.802270 0.350421 0.806298 0.355547 0.809594 0.361406 0.810326 0.364702 0.811791 0.370194 0.811791 0.376053 0.813621 0.384475 0.819846 0.397290 0.827536 0.404614 0.829367 0.409374 0.829000 0.413402 0.829733 0.417063 0.829000 0.420725 0.829733 0.423288 0.828268 0.428781 0.828634 0.431710 0.827170 0.435738 0.828634 0.437569 0.826437 0.443793 0.822776 0.447455 0.822409 0.450384 0.823874 0.455511 0.824606 0.459905 0.828268 0.465763 0.829733 0.470157 0.829367 0.473819 0.831930 0.476748 0.832296 0.483339 0.835225 0.488832 0.835958 0.514464 0.835958 0.523252 0.835225 0.560967 0.834859 0.562798 0.833761 0.564995 0.830465 0.568656 0.830465 0.571219 0.829000 0.581106 0.830099 0.586964 0.828634 0.592823 0.829367 0.595752 0.828268 0.600146 0.830831 0.602343 0.836690 0.604540 0.839253 0.606737 0.840352 0.613328 0.840718 0.615525 0.840352 0.618821 0.838155 0.632369 0.840352 0.639692 0.838887 0.642988 0.836690 0.646283 0.836690 0.653241 0.833394 0.657635 0.832662 0.669718 0.836324 0.677774 0.836690 0.688026 0.832662 0.688759 0.830465 0.690223 0.829367 0.693519 0.829733 0.697547 0.827170 0.698279 0.826071 0.698279 0.822043 0.696814 0.819846 0.695716 0.815086 0.695350 0.806298 0.698645 0.801904 0.702307 0.800806 0.704870 0.797876 0.709630 0.798242 0.715123 0.796412 0.719150 0.794215 0.721714 0.790919 0.724277 0.790553 0.733797 0.785060 0.735994 0.782131 0.748078 0.781765 0.752838 0.780300 0.757232 0.776639 0.763823 0.765654 0.765287 0.761260 0.766020 0.751373 0.774808 0.743317 0.782131 0.741120 0.790187 0.735628 0.795679 0.735262 0.802270 0.730502 0.806298 0.726474 0.811058 0.726474 0.815452 0.724643 0.820579 0.719517 0.826071 0.717320 0.830465 0.711827 0.835591 0.710363 0.838155 0.708532 0.838521 0.707067 0.841450 0.704870 0.840352 0.697547 0.843647 0.693885 0.844746 0.689491 0.845844 0.688393 0.849506 0.687660 0.853167 0.681802 0.859758 0.677408 0.860491 0.674112 0.865983 0.668620 0.868912 0.664226 0.874405 0.660564 0.876968 0.657268 0.880996 0.656902 0.882827 0.655071 0.883925 0.651410 0.885756 0.649213 0.892347 0.645917 0.895276 0.638594 0.901867 0.630538 0.903332 0.626877 0.902966 0.622849 0.905529 0.617722 0.911754 0.611131 0.913585 0.607836
5 0.331747 0.430978 0.329550 0.429147 0.323691 0.428781 0.314903 0.431344 0.310509 0.434273 0.305749 0.436104 0.302087 0.439766 0.302087 0.443061 0.303918 0.448187 0.306481 0.451117 0.310875 0.452215 0.325888 0.447455 0.331747 0.443427 0.334310 0.440132 0.333944 0.436470
5 0.534969 0.258880 0.577810 0.258880 0.577810 0.303918 0.534969 0.303918
5 0.477481 0.374954 0.498718 0.374954 0.498718 0.407909 0.477481 0.407909
5 0.291102 0.290370 0.319297 0.290370 0.319297 0.340168 0.291102 0.340168
5 0.189674 0.449652 0.231783 0.449652 0.231783 0.471622 0.189674 0.471622
5 0.275723 0.389967 0.305383 0.389967 0.305383 0.422922 0.275723 0.422922
5 0.524350 0.309044 0.555108 0.309044 0.555108 0.341999 0.524350 0.341999
5 0.425851 0.442329 0.472721 0.442329 0.472721 0.485536 0.425851 0.485536
5 0.550348 0.394361 0.599780 0.394361 0.599780 0.447821 0.550348 0.447821
5 0.293665 0.453680 0.327353 0.453680 0.327353 0.484072 0.293665 0.484072
5 0.432808 0.388136 0.466130 0.388136 0.466130 0.422922 0.432808 0.422922
5 0.481509 0.336507 0.569755 0.336507 0.569755 0.392896 0.481509 0.392896
0 0.302087 0.490663 0.500183 0.490663 0.500183 0.676675 0.302087 0.676675
0 0.258513 0.288905 0.400586 0.288905 0.400586 0.533504 0.258513 0.533504
0 0.366166 0.285610 0.487733 0.285610 0.487733 0.378250 0.366166 0.378250
0 0.630904 0.345295 0.710363 0.345295 0.710363 0.397290 0.630904 0.397290
5 0.660564 0.371659 0.980959 0.371659 0.980959 0.589528 0.660564 0.589528
1 0.189308 0.425851 0.913585 0.425851 0.913585 0.840718 0.189308 0.840718
5 0.302087 0.428781 0.334310 0.428781 0.334310 0.452215 0.302087 0.452215
