5 0.703704 0.553819 0.797950 0.553819 0.797950 0.658482 0.703704 0.658482
1 0.173611 0.504960 0.251323 0.504960 0.251323 0.798363 0.173611 0.798363
1 0.469577 0.435020 0.573082 0.435020 0.573082 0.802331 0.469577 0.802331
3 0.300595 0.231647 0.403770 0.231647 0.403770 0.328125 0.300595 0.328125
3 0.250992 0.251240 0.334656 0.251240 0.334656 0.331845 0.250992 0.331845
5 0.592923 0.622024 0.674603 0.622024 0.674603 0.672867 0.592923 0.672867
5 0.593585 0.588790 0.699735 0.588790 0.699735 0.671875 0.593585 0.671875
0 0.201720 0.418651 0.520172 0.418651 0.520172 0.605159 0.201720 0.605159
0 0.201720 0.571181 0.495701 0.571181 0.495701 0.730655 0.201720 0.730655
0 0.236111 0.673115 0.506944 0.673115 0.506944 0.835069 0.236111 0.835069
5 0.650463 0.623016 0.757937 0.623016 0.757937 0.712798 0.650463 0.712798
3 0.250331 0.326885 0.396495 0.326885 0.396495 0.370040 0.250331 0.370040
5 0.608135 0.494296 0.743386 0.494296 0.743386 0.588542 0.608135 0.588542
5 0.644511 0.725694 0.772817 0.725694 0.772817 0.776042 0.644511 0.776042
5 0.575066 0.710317 0.830357 0.710317 0.830357 0.828621 0.575066 0.828621
5 0.763228 0.553819 0.750331 0.554563 0.747354 0.556052 0.744048 0.556796 0.739418 0.560516 0.735780 0.561756 0.733135 0.564484 0.732143 0.567708 0.724868 0.572421 0.723214 0.574901 0.720899 0.575149 0.716270 0.578125 0.713294 0.578373 0.711971 0.579117 0.706680 0.584325 0.703704 0.591022 0.704034 0.594246 0.705357 0.596230 0.708003 0.594990 0.714947 0.594742 0.717262 0.594990 0.718585 0.596230 0.718254 0.599950 0.716270 0.603919 0.711640 0.605159 0.708995 0.607391 0.705357 0.607639 0.704696 0.608631 0.704365 0.611855 0.706680 0.616815 0.711310 0.621528 0.717262 0.626240 0.719907 0.629712 0.725529 0.633681 0.728505 0.637897 0.740741 0.647321 0.743386 0.650794 0.748677 0.654266 0.751323 0.656994 0.758929 0.658482 0.762566 0.657986 0.768188 0.656250 0.780423 0.646825 0.782077 0.643353 0.788029 0.634921 0.791997 0.627232 0.796958 0.615079 0.797950 0.608383 0.796627 0.591022 0.787698 0.565228 0.783730 0.560268 0.779431 0.556548 0.774802 0.555060
1 0.196429 0.504960 0.195767 0.505704 0.196429 0.509177 0.194775 0.513641 0.195106 0.517609 0.193783 0.519841 0.191799 0.527034 0.190146 0.529514 0.189484 0.535218 0.189815 0.548611 0.190476 0.552083 0.192460 0.554315 0.193452 0.557044 0.193122 0.573165 0.192130 0.575893 0.189815 0.577629 0.187831 0.582341 0.187831 0.585317 0.188823 0.588294 0.188492 0.593254 0.186508 0.599702 0.182209 0.604911 0.180225 0.608631 0.176587 0.611607 0.174603 0.615575 0.174272 0.621776 0.175926 0.625496 0.177249 0.634425 0.179233 0.638145 0.181878 0.639881 0.185516 0.639633 0.187831 0.642361 0.188161 0.647569 0.187169 0.654018 0.183201 0.657986 0.181878 0.661954 0.185847 0.670387 0.186177 0.674603 0.185516 0.678323 0.187500 0.680060 0.190476 0.685516 0.190476 0.694692 0.188161 0.702877 0.184193 0.709325 0.179894 0.713542 0.176918 0.720238 0.175926 0.728671 0.173611 0.735863 0.173611 0.744792 0.174272 0.748016 0.177249 0.751736 0.181548 0.753968 0.186177 0.755208 0.195437 0.761905 0.203373 0.762897 0.205688 0.764137 0.206349 0.766369 0.205688 0.776042 0.209325 0.782490 0.218254 0.790427 0.219907 0.792659 0.223545 0.795387 0.233135 0.798363 0.236442 0.796131 0.236442 0.793651 0.234127 0.787202 0.234788 0.778026 0.238757 0.769593 0.240410 0.768353 0.239749 0.766865 0.238095 0.767113 0.237103 0.768105 0.236442 0.767609 0.237103 0.762401 0.236111 0.752480 0.237765 0.742063 0.241733 0.733135 0.242725 0.728671 0.247685 0.722718 0.250992 0.717510 0.251323 0.712550 0.250000 0.709573 0.241733 0.704365 0.237765 0.702877 0.232143 0.702133 0.226852 0.700645 0.224206 0.699157 0.218254 0.693948 0.213294 0.686260 0.211971 0.682540 0.212302 0.680556 0.215939 0.674107 0.215939 0.665427 0.214616 0.659474 0.215608 0.641865 0.213624 0.638145 0.211310 0.636161 0.210317 0.634177 0.207011 0.632192 0.199735 0.623016 0.197090 0.617808 0.195767 0.610863 0.197421 0.607143 0.198082 0.601935 0.201720 0.593750 0.204034 0.591022 0.205357 0.587054 0.208664 0.584077 0.210317 0.580605 0.217923 0.574901 0.219577 0.572669 0.220569 0.569692 0.224537 0.565972 0.224206 0.559772 0.221561 0.559028 0.219577 0.556796 0.221230 0.555060 0.224206 0.555060 0.225860 0.545883 0.225860 0.535962 0.224868 0.533234 0.219907 0.531746 0.218585 0.529762 0.217262 0.525050 0.214286 0.523313 0.209987 0.517361 0.205357 0.515625 0.203704 0.514385 0.201058 0.510417 0.198413 0.508929 0.197751 0.506200
1 0.469577 0.435020 0.474537 0.437500 0.476521 0.442956 0.482143 0.447173 0.482474 0.450893 0.485119 0.453869 0.486772 0.458829 0.490410 0.462302 0.493056 0.466518 0.496362 0.468006 0.498347 0.469742 0.500331 0.475198 0.503968 0.479415 0.504960 0.482143 0.508267 0.486359 0.510251 0.497768 0.512897 0.500248 0.515212 0.504712 0.519841 0.510665 0.521825 0.517113 0.521825 0.521825 0.519511 0.529762 0.516865 0.531994 0.513558 0.537946 0.508598 0.541419 0.507606 0.544643 0.503307 0.548611 0.498016 0.557788 0.488095 0.566716 0.484458 0.571677 0.485780 0.588542 0.486772 0.591518 0.490079 0.595486 0.491733 0.599950 0.496362 0.606895 0.497685 0.610863 0.497685 0.614831 0.491402 0.626984 0.491071 0.630704 0.489418 0.634673 0.489418 0.638889 0.487765 0.642857 0.488095 0.647073 0.486111 0.650546 0.486442 0.654514 0.483135 0.658234 0.482474 0.661954 0.480159 0.664187 0.479497 0.666171 0.483796 0.670139 0.494378 0.673611 0.498016 0.676091 0.499339 0.678075 0.501984 0.686260 0.507606 0.689980 0.509590 0.693204 0.508598 0.699901 0.507275 0.702133 0.504630 0.704365 0.503968 0.706597 0.506283 0.716518 0.508598 0.720982 0.510251 0.728919 0.510251 0.733135 0.505291 0.755208 0.504299 0.757440 0.502315 0.759425 0.501984 0.763145 0.499008 0.767857 0.498677 0.772321 0.497024 0.773810 0.494378 0.773810 0.491733 0.774802 0.490410 0.775794 0.491071 0.778770 0.489749 0.779514 0.486772 0.779514 0.482474 0.783482 0.482474 0.787698 0.478836 0.790923 0.478175 0.794643 0.473876 0.798859 0.474206 0.802083 0.476852 0.802331 0.501653 0.799355 0.509259 0.797867 0.513228 0.797867 0.518519 0.795387 0.522156 0.789187 0.523148 0.784226 0.524471 0.781746 0.529762 0.777530 0.531746 0.774306 0.536706 0.769345 0.538360 0.766369 0.541667 0.750992 0.541667 0.738839 0.544312 0.736111 0.550595 0.732639 0.559193 0.724702 0.559193 0.720982 0.555886 0.716270 0.555556 0.712302 0.556548 0.710069 0.564815 0.706349 0.569444 0.705357 0.572751 0.701885 0.573082 0.700645 0.571429 0.697669 0.570106 0.696677 0.564153 0.694692 0.558532 0.690476 0.555886 0.686756 0.554563 0.681300 0.550265 0.673363 0.549934 0.669891 0.550595 0.665179 0.552579 0.659722 0.552579 0.655754 0.550926 0.651538 0.549934 0.645833 0.553902 0.631448 0.554894 0.617063 0.554563 0.610615 0.555886 0.607143 0.563492 0.600446 0.564153 0.596974 0.563823 0.595238 0.561508 0.592262 0.557209 0.590774 0.554894 0.589038 0.553902 0.587302 0.554563 0.580605 0.556878 0.572917 0.557540 0.562996 0.554894 0.549851 0.551918 0.544147 0.551257 0.540427 0.553571 0.536706 0.553902 0.533978 0.557209 0.529018 0.558201 0.524554 0.556217 0.521577 0.554894 0.517361 0.550265 0.513145 0.547950 0.502232 0.546296 0.500496 0.542328 0.499008 0.540344 0.496776 0.540013 0.493800 0.544643 0.487103 0.545635 0.484127 0.544974 0.477679 0.541336 0.470982 0.535053 0.466022 0.530754 0.461062 0.528770 0.459573 0.525794 0.458581 0.521825 0.455605 0.516204 0.453373 0.507606 0.446677 0.501323 0.444196 0.497354 0.439980 0.488095 0.437748 0.481481 0.437748 0.476521 0.437004 0.474206 0.435268
3 0.313823 0.232639 0.310847 0.234871 0.307540 0.235863 0.306217 0.236855 0.302579 0.244048 0.300595 0.261905 0.301257 0.264137 0.304563 0.268105 0.306217 0.272569 0.308862 0.274802 0.313492 0.281498 0.324735 0.289931 0.329365 0.295635 0.335979 0.301091 0.336971 0.303075 0.339286 0.304812 0.344577 0.312004 0.351521 0.317212 0.352513 0.318700 0.356481 0.321181 0.357474 0.322917 0.359788 0.324653 0.365741 0.327133 0.376323 0.327381 0.379630 0.328125 0.384921 0.328125 0.387235 0.327381 0.389220 0.325645 0.401124 0.319940 0.402447 0.318452 0.403770 0.314484 0.402778 0.304067 0.400463 0.298859 0.395172 0.291171 0.391865 0.288194 0.387897 0.282490 0.383929 0.279514 0.380622 0.275050 0.376653 0.271825 0.373677 0.266369 0.368386 0.261905 0.366071 0.258433 0.363757 0.256696 0.358796 0.250744 0.350198 0.243304 0.346230 0.241567 0.338624 0.235863 0.329696 0.233631 0.326389 0.232143 0.321429 0.231647 0.318783 0.232391
3 0.264220 0.254216 0.255291 0.259673 0.251984 0.263145 0.250992 0.266369 0.251323 0.272817 0.254630 0.281498 0.257606 0.285218 0.258598 0.288194 0.262566 0.294891 0.278770 0.317212 0.287368 0.326637 0.294312 0.331597 0.299934 0.331845 0.307209 0.331349 0.328042 0.327877 0.330026 0.326637 0.333664 0.320437 0.334656 0.317212 0.334325 0.312004 0.328373 0.303819 0.327050 0.299355 0.320106 0.290179 0.317130 0.284226 0.306878 0.271577 0.300926 0.261657 0.294643 0.255456 0.287037 0.251984 0.280423 0.251240 0.274140 0.251240 0.267857 0.252728
5 0.674272 0.622272 0.673280 0.622024 0.670635 0.624008 0.669643 0.624008 0.667328 0.622272 0.664352 0.622272 0.662037 0.623016 0.658069 0.622520 0.653770 0.624256 0.649802 0.624008 0.648479 0.624752 0.643188 0.625744 0.641534 0.626488 0.637235 0.630456 0.630952 0.631448 0.625992 0.632937 0.620701 0.637649 0.615741 0.640377 0.606481 0.642609 0.602844 0.646825 0.597884 0.649802 0.594577 0.653522 0.592923 0.662946 0.592923 0.666667 0.594577 0.670635 0.599206 0.672123 0.648479 0.672867 0.651786 0.672123 0.653439 0.670635 0.653439 0.668651 0.650132 0.661706 0.652447 0.654266 0.653108 0.647321 0.660384 0.640129 0.663029 0.634425 0.664683 0.632440 0.669974 0.628472 0.673611 0.626984 0.674603 0.624504
5 0.698413 0.609375 0.690476 0.604663 0.684524 0.598958 0.681878 0.597966 0.675926 0.594246 0.666667 0.591270 0.662037 0.591022 0.654101 0.589286 0.648810 0.588790 0.642196 0.589038 0.638558 0.591022 0.631283 0.593750 0.625661 0.594990 0.622685 0.597222 0.619709 0.598214 0.611772 0.606895 0.607474 0.610119 0.602844 0.611111 0.599537 0.619296 0.599206 0.623016 0.595569 0.626984 0.594907 0.632937 0.595569 0.637153 0.597553 0.640129 0.601190 0.643105 0.602513 0.646825 0.595899 0.652282 0.594907 0.654018 0.593585 0.662202 0.593585 0.666171 0.594907 0.670635 0.596561 0.671379 0.602183 0.671875 0.611772 0.671379 0.631944 0.671379 0.638889 0.671875 0.643849 0.671131 0.651124 0.671875 0.652778 0.671131 0.653439 0.668651 0.650132 0.662450 0.650132 0.658730 0.651786 0.654266 0.652447 0.645585 0.653439 0.644593 0.658069 0.643105 0.659392 0.642113 0.660384 0.638641 0.662698 0.635665 0.663360 0.633185 0.669312 0.628224 0.673611 0.627976 0.674934 0.627232 0.674603 0.623512 0.677579 0.620784 0.684193 0.619792 0.690807 0.620784 0.695106 0.620784 0.697421 0.620288 0.699735 0.618800 0.699735 0.611111
0 0.467593 0.437500 0.462302 0.436012 0.458995 0.433780 0.452050 0.431052 0.447090 0.431052 0.442460 0.433036 0.435185 0.434524 0.423942 0.432044 0.419974 0.430556 0.408069 0.429315 0.396164 0.425347 0.390542 0.422867 0.382937 0.421627 0.374339 0.419395 0.364418 0.419643 0.358796 0.418651 0.343915 0.418899 0.338294 0.419643 0.334656 0.421131 0.328704 0.422123 0.321098 0.426339 0.318452 0.428571 0.312169 0.429563 0.309854 0.433780 0.307209 0.432540 0.306217 0.432788 0.304233 0.435516 0.302249 0.437004 0.300265 0.437500 0.296958 0.440476 0.295966 0.442212 0.295635 0.447669 0.294312 0.449405 0.291667 0.449653 0.290344 0.448661 0.289683 0.446925 0.292659 0.444444 0.292989 0.442460 0.290344 0.440724 0.289683 0.439484 0.290675 0.436260 0.290344 0.431548 0.294312 0.428571 0.298942 0.428323 0.298942 0.427827 0.293981 0.425099 0.291336 0.424603 0.289683 0.427827 0.289683 0.430308 0.288690 0.431052 0.287368 0.431052 0.283399 0.436012 0.283069 0.439484 0.274802 0.443948 0.259259 0.453869 0.257606 0.459325 0.254299 0.462798 0.251323 0.464038 0.247354 0.466766 0.227844 0.469990 0.212963 0.476190 0.209325 0.479167 0.203704 0.489831 0.201720 0.501736 0.202381 0.506696 0.206019 0.511657 0.210317 0.514633 0.212632 0.517609 0.214947 0.519345 0.219246 0.524306 0.220569 0.526786 0.226852 0.531746 0.229497 0.536458 0.229828 0.540427 0.227844 0.547619 0.227844 0.560764 0.228836 0.564980 0.235450 0.573413 0.243386 0.577629 0.248347 0.579365 0.251653 0.581845 0.255952 0.583829 0.262566 0.592758 0.270172 0.597222 0.273810 0.598710 0.276455 0.600694 0.283069 0.603423 0.297619 0.605159 0.303902 0.604911 0.311177 0.602927 0.314815 0.601190 0.319114 0.601438 0.321429 0.600694 0.329696 0.601687 0.336640 0.601190 0.342262 0.601438 0.345238 0.600694 0.350529 0.600942 0.352844 0.600446 0.360780 0.601935 0.377315 0.601687 0.384259 0.600446 0.389550 0.600198 0.400794 0.596726 0.409061 0.596230 0.420304 0.597222 0.427249 0.597222 0.434524 0.596478 0.438823 0.594494 0.444114 0.593502 0.449405 0.590030 0.458664 0.586062 0.461310 0.584077 0.467262 0.581101 0.468915 0.579117 0.472884 0.576885 0.474868 0.574901 0.477513 0.570437 0.483796 0.566220 0.486772 0.563244 0.489749 0.562004 0.494378 0.557540 0.499339 0.554067 0.502646 0.546379 0.508267 0.539435 0.512235 0.536458 0.515542 0.532738 0.518519 0.526290 0.518519 0.522321 0.520172 0.518105 0.519841 0.513641 0.517857 0.510169 0.508929 0.498512 0.508267 0.489831 0.506614 0.485367 0.500000 0.476935 0.497685 0.472718 0.492063 0.468006 0.486111 0.460813 0.483796 0.454365 0.478505 0.449901 0.475860 0.445685
0 0.212632 0.582341 0.211310 0.586062 0.204365 0.594742 0.201720 0.603671 0.203373 0.610367 0.203704 0.623016 0.205688 0.625248 0.208003 0.625744 0.210317 0.627480 0.210317 0.630456 0.215278 0.633681 0.218254 0.639137 0.218254 0.643849 0.216601 0.652778 0.217593 0.674851 0.214616 0.680804 0.214616 0.684772 0.215608 0.687252 0.220238 0.693948 0.228175 0.698909 0.241071 0.701637 0.252315 0.706845 0.256944 0.708333 0.259590 0.710069 0.263228 0.711062 0.269511 0.715278 0.279101 0.718254 0.283399 0.718006 0.292989 0.718750 0.307209 0.718502 0.309854 0.719246 0.329034 0.720734 0.333664 0.722222 0.335317 0.723462 0.337302 0.727183 0.338955 0.728671 0.343254 0.729911 0.350860 0.730655 0.366402 0.730159 0.373016 0.728671 0.377315 0.726687 0.384921 0.724702 0.393849 0.726438 0.404101 0.725694 0.408730 0.723958 0.419643 0.721478 0.423611 0.719742 0.428902 0.719494 0.435516 0.717262 0.438823 0.715030 0.460317 0.704613 0.465939 0.700645 0.467593 0.697173 0.470899 0.693452 0.472222 0.688988 0.472222 0.677827 0.475529 0.670883 0.474868 0.666419 0.477513 0.662946 0.480159 0.657738 0.484458 0.654514 0.484788 0.650050 0.486111 0.647321 0.485780 0.641865 0.486772 0.639137 0.487765 0.627480 0.491071 0.625248 0.492394 0.623264 0.493056 0.619296 0.495701 0.614335 0.495701 0.610615 0.494378 0.608631 0.491733 0.606647 0.490741 0.602431 0.485450 0.594246 0.483466 0.588294 0.483466 0.583581 0.481812 0.577877 0.479167 0.575149 0.474537 0.578373 0.470899 0.579365 0.467262 0.583085 0.462632 0.584821 0.451058 0.591766 0.447090 0.592510 0.443122 0.595238 0.435185 0.598462 0.422950 0.599454 0.401786 0.599206 0.387566 0.602183 0.382606 0.602679 0.377646 0.604167 0.373016 0.603919 0.369709 0.604663 0.364087 0.604415 0.362434 0.604911 0.352183 0.604911 0.348545 0.604415 0.338294 0.605903 0.313823 0.605903 0.310516 0.606647 0.305556 0.606647 0.302910 0.607391 0.283399 0.605903 0.277778 0.602927 0.274471 0.601935 0.259921 0.592262 0.255622 0.586310 0.252315 0.585317 0.245370 0.579861 0.236772 0.576141 0.231812 0.572173 0.229167 0.571181 0.227844 0.571181 0.220899 0.574157 0.217593 0.578373
0 0.498016 0.681052 0.497024 0.680804 0.494709 0.682788 0.493056 0.682788 0.491733 0.681052 0.494709 0.678075 0.493717 0.677331 0.490741 0.677331 0.489418 0.675595 0.485780 0.674851 0.482474 0.673115 0.481151 0.673363 0.477183 0.677083 0.477513 0.679067 0.479828 0.680804 0.479828 0.682044 0.477844 0.683284 0.476852 0.685020 0.477183 0.687996 0.478175 0.688988 0.476852 0.693948 0.477513 0.695437 0.479828 0.697173 0.476852 0.698661 0.475529 0.701389 0.474206 0.702381 0.472222 0.702629 0.470238 0.704613 0.466270 0.704613 0.459325 0.709821 0.455357 0.709821 0.453042 0.711310 0.449405 0.712302 0.443122 0.717758 0.440146 0.718006 0.437500 0.719494 0.434524 0.719990 0.427249 0.723958 0.423611 0.723462 0.419312 0.726190 0.415675 0.725942 0.413690 0.726687 0.404101 0.727927 0.400463 0.729167 0.395833 0.728671 0.393849 0.729415 0.391865 0.729415 0.387897 0.728423 0.384921 0.729415 0.380622 0.729663 0.372354 0.731647 0.368386 0.731647 0.365741 0.732639 0.360780 0.732391 0.357804 0.733383 0.349206 0.733383 0.344907 0.732639 0.341270 0.733383 0.336971 0.731647 0.335317 0.730159 0.334325 0.727927 0.330357 0.725446 0.326058 0.725446 0.322090 0.723710 0.316138 0.722718 0.310185 0.723214 0.304563 0.722222 0.302910 0.721230 0.298280 0.721726 0.295635 0.720486 0.290675 0.721230 0.287698 0.719990 0.283730 0.720486 0.277447 0.719990 0.275132 0.720486 0.272156 0.718998 0.267857 0.718750 0.259921 0.716022 0.255291 0.717510 0.250661 0.722470 0.248677 0.726190 0.246693 0.727927 0.244048 0.731895 0.241071 0.743800 0.241071 0.748512 0.239418 0.750992 0.239418 0.753472 0.241733 0.760417 0.241733 0.764137 0.244378 0.767857 0.243056 0.769097 0.241733 0.772817 0.239418 0.775050 0.238757 0.777034 0.236111 0.779018 0.236111 0.786706 0.240079 0.790179 0.243056 0.796875 0.250331 0.803323 0.258929 0.805556 0.260251 0.806300 0.261574 0.808284 0.266204 0.811508 0.271495 0.812748 0.282738 0.818700 0.291667 0.818452 0.295966 0.817460 0.299272 0.815724 0.302910 0.816716 0.305886 0.819196 0.317791 0.823661 0.322090 0.823909 0.329696 0.825645 0.337302 0.824405 0.341270 0.825149 0.344907 0.827629 0.348876 0.828373 0.353175 0.830853 0.358466 0.832589 0.361442 0.834325 0.365410 0.833829 0.369048 0.835069 0.372685 0.834077 0.375331 0.834821 0.378638 0.834821 0.380291 0.834077 0.384590 0.834573 0.388558 0.832837 0.393188 0.832837 0.401455 0.830357 0.406415 0.829861 0.412368 0.830109 0.418981 0.829117 0.429894 0.825893 0.432870 0.823661 0.435847 0.822917 0.439153 0.820437 0.443452 0.819196 0.448743 0.818700 0.456019 0.814236 0.458664 0.813244 0.462963 0.809028 0.467593 0.806300 0.468254 0.804812 0.471230 0.802579 0.472222 0.800099 0.476521 0.795387 0.476852 0.790675 0.480159 0.786954 0.479497 0.783730 0.484127 0.778770 0.485450 0.774802 0.495040 0.772073 0.498347 0.768105 0.498016 0.763889 0.499339 0.761161 0.500331 0.752232 0.500992 0.750248 0.502646 0.748760 0.502646 0.747272 0.500661 0.745536 0.500661 0.743304 0.501984 0.742312 0.504299 0.742063 0.505622 0.741319 0.506944 0.735863 0.505952 0.733135 0.506614 0.730407 0.506614 0.720238 0.503968 0.718502 0.502646 0.715774 0.500992 0.714286 0.500000 0.709325 0.500331 0.703373 0.502315 0.700893 0.500331 0.698909 0.500000 0.696925 0.501323 0.695685 0.503968 0.694692 0.504299 0.692708 0.500661 0.689980 0.498016 0.686012
5 0.680886 0.623264 0.676587 0.626240 0.669312 0.632937 0.666997 0.633185 0.665344 0.634177 0.663690 0.638889 0.661376 0.641369 0.656746 0.644345 0.654431 0.648562 0.654431 0.654762 0.650794 0.658730 0.650463 0.661706 0.653108 0.664931 0.655093 0.669395 0.653108 0.673611 0.652778 0.677331 0.655423 0.681796 0.665344 0.690476 0.672619 0.695685 0.677910 0.701885 0.685185 0.704365 0.688823 0.704861 0.692460 0.707093 0.696098 0.707837 0.700066 0.709821 0.702381 0.709821 0.705688 0.708581 0.709656 0.709573 0.716601 0.712798 0.717923 0.712798 0.728505 0.708333 0.733135 0.708333 0.739418 0.706101 0.744048 0.702133 0.755952 0.700893 0.757937 0.696925 0.757275 0.690476 0.756283 0.688740 0.752646 0.688740 0.750661 0.686260 0.748347 0.677579 0.748677 0.673363 0.746032 0.665675 0.745701 0.657490 0.743717 0.656002 0.740079 0.654762 0.736442 0.652034 0.732804 0.645089 0.724206 0.638889 0.720238 0.636905 0.717262 0.631200 0.710648 0.626240 0.708995 0.625496 0.705026 0.625496 0.698082 0.623512 0.688492 0.623264 0.684854 0.624008 0.682209 0.623016
3 0.396495 0.341518 0.391534 0.332837 0.387235 0.329365 0.384259 0.328125 0.379960 0.328125 0.371032 0.326885 0.359788 0.326885 0.350529 0.327877 0.344907 0.327877 0.341931 0.328621 0.329365 0.328373 0.322090 0.328869 0.316138 0.330109 0.278770 0.332837 0.261574 0.337302 0.259259 0.338294 0.256944 0.341518 0.251323 0.345734 0.250331 0.349950 0.250331 0.353919 0.254630 0.359375 0.259921 0.363095 0.265542 0.365823 0.270833 0.367312 0.277778 0.368304 0.283399 0.368056 0.294974 0.369296 0.319114 0.369296 0.327050 0.370040 0.337632 0.369792 0.345569 0.369048 0.365410 0.365823 0.376653 0.359871 0.381283 0.358631 0.394511 0.348958 0.396495 0.346230
5 0.609127 0.502480 0.608135 0.506448 0.610119 0.511409 0.610780 0.515625 0.611772 0.517361 0.615079 0.517857 0.616733 0.518849 0.617394 0.521577 0.618717 0.522817 0.621693 0.523065 0.623016 0.524306 0.625992 0.532242 0.626653 0.540923 0.626323 0.544395 0.624669 0.547123 0.622024 0.548363 0.618386 0.548611 0.615741 0.551587 0.613095 0.553323 0.611772 0.556300 0.618056 0.561756 0.632606 0.571677 0.635251 0.575397 0.638889 0.577877 0.642526 0.577629 0.646495 0.579365 0.654101 0.581101 0.660053 0.585813 0.666005 0.588294 0.671296 0.588542 0.674272 0.587550 0.677579 0.587550 0.681878 0.585069 0.685185 0.585069 0.689153 0.583581 0.695767 0.583085 0.701058 0.581597 0.719907 0.570685 0.723876 0.570188 0.726521 0.569196 0.728836 0.567460 0.733796 0.561508 0.742725 0.554812 0.743386 0.552083 0.740410 0.548363 0.739087 0.545387 0.741402 0.541419 0.740741 0.537698 0.739749 0.536706 0.731812 0.534474 0.717262 0.533234 0.705688 0.530754 0.700397 0.528522 0.694775 0.527530 0.693783 0.525298 0.689815 0.524802 0.688823 0.524058 0.685185 0.516865 0.675265 0.514633 0.672288 0.512401 0.669974 0.509177 0.664683 0.507688 0.662037 0.504960 0.657738 0.503472 0.654762 0.501488 0.642196 0.500744 0.635251 0.497768 0.630622 0.497768 0.625992 0.496032 0.623677 0.494296 0.619709 0.494296 0.617725 0.495040 0.614749 0.498264
5 0.644511 0.736359 0.644511 0.740823 0.646164 0.745040 0.654762 0.750248 0.657077 0.755704 0.658730 0.757440 0.672288 0.762649 0.681878 0.763641 0.686177 0.766121 0.693122 0.773065 0.696098 0.774306 0.705026 0.776042 0.709987 0.776042 0.721561 0.773313 0.732804 0.772569 0.748677 0.768849 0.753968 0.760913 0.756614 0.759177 0.762566 0.757192 0.764220 0.755952 0.766534 0.751488 0.768188 0.750248 0.770833 0.749504 0.772156 0.748264 0.771825 0.736359 0.772817 0.733879 0.772487 0.728919 0.771495 0.728175 0.767526 0.727431 0.747685 0.726935 0.745370 0.726438 0.733466 0.727183 0.718254 0.727183 0.690807 0.725694 0.686177 0.726438 0.672950 0.725942 0.671296 0.726438 0.658399 0.726935 0.649140 0.728175 0.646825 0.730903
5 0.579696 0.715278 0.578704 0.719246 0.579365 0.725694 0.578042 0.733879 0.577712 0.749504 0.575397 0.756200 0.575066 0.763393 0.578042 0.771329 0.582672 0.776290 0.584656 0.780010 0.585648 0.787698 0.582011 0.795139 0.581680 0.799851 0.583333 0.804315 0.587963 0.811012 0.593915 0.815228 0.599537 0.817460 0.605820 0.817460 0.612434 0.816468 0.618717 0.814236 0.623016 0.813492 0.629960 0.810516 0.635913 0.806052 0.635913 0.802083 0.633598 0.798363 0.634259 0.795139 0.638558 0.793155 0.649471 0.794147 0.655093 0.793899 0.660053 0.789931 0.661045 0.785714 0.662368 0.783978 0.663690 0.785714 0.664683 0.790427 0.669974 0.794643 0.674934 0.795883 0.683532 0.795635 0.688823 0.796131 0.700397 0.799851 0.704696 0.800347 0.711310 0.802331 0.716931 0.811260 0.726852 0.816964 0.731481 0.827133 0.733135 0.828125 0.740741 0.828621 0.747024 0.827381 0.752646 0.825397 0.763228 0.824405 0.767526 0.822669 0.770833 0.822669 0.774802 0.824405 0.778108 0.824405 0.779762 0.823909 0.783730 0.820188 0.786045 0.819444 0.794312 0.818204 0.803241 0.818204 0.812169 0.812996 0.814484 0.810268 0.818452 0.807292 0.820437 0.804315 0.827381 0.798363 0.829696 0.795139 0.830357 0.792163 0.830026 0.783482 0.825728 0.775794 0.821759 0.770833 0.820767 0.767857 0.818452 0.765377 0.807209 0.763145 0.799603 0.763641 0.796958 0.765129 0.792989 0.768849 0.790675 0.769841 0.787037 0.769841 0.781415 0.767609 0.779431 0.765873 0.778439 0.765873 0.778108 0.766865 0.775463 0.768105 0.773479 0.765625 0.770172 0.765377 0.763889 0.766617 0.760251 0.768353 0.754630 0.768105 0.752315 0.768601 0.748016 0.771577 0.735780 0.773810 0.723214 0.774554 0.720238 0.775794 0.711310 0.777778 0.708664 0.779018 0.701058 0.778274 0.695767 0.776786 0.693122 0.774802 0.689815 0.774306 0.688161 0.771825 0.686839 0.767361 0.685516 0.766121 0.678241 0.764633 0.673280 0.764881 0.665675 0.761161 0.658399 0.759177 0.649802 0.753224 0.648148 0.750000 0.644511 0.746280 0.642857 0.743304 0.641865 0.727679 0.639881 0.725942 0.633929 0.723710 0.623677 0.717510 0.611442 0.715526 0.604497 0.712302 0.596892 0.710317 0.586971 0.711062 0.582672 0.712550
