0 0.119333 0.516000 0.232667 0.516000 0.232667 0.632667 0.119333 0.632667
0 0.116667 0.462000 0.252667 0.462000 0.252667 0.579333 0.116667 0.579333
0 0.121333 0.390667 0.280000 0.390667 0.280000 0.557333 0.121333 0.557333
0 0.156000 0.352667 0.315333 0.352667 0.315333 0.510667 0.156000 0.510667
0 0.183333 0.316667 0.344667 0.316667 0.344667 0.480000 0.183333 0.480000
0 0.223333 0.254000 0.395333 0.254000 0.395333 0.442667 0.223333 0.442667
0 0.294667 0.183333 0.462667 0.183333 0.462667 0.406000 0.294667 0.406000
0 0.370000 0.157333 0.517333 0.157333 0.517333 0.348000 0.370000 0.348000
0 0.117333 0.158000 0.516667 0.158000 0.516667 0.630667 0.117333 0.630667
5 0.407333 0.297333 0.744667 0.297333 0.744667 0.654667 0.407333 0.654667
5 0.132000 0.438000 0.550000 0.438000 0.550000 0.886667 0.132000 0.886667
5 0.410000 0.522667 0.908000 0.522667 0.908000 0.947333 0.410000 0.947333
5 0.500667 0.116667 0.673333 0.116667 0.673333 0.293333 0.500667 0.293333
5 0.643333 0.206667 0.816000 0.206667 0.816000 0.376667 0.643333 0.376667
0 0.134000 0.517333 0.128000 0.523333 0.122000 0.535333 0.122000 0.557333 0.119333 0.565333 0.120667 0.574667 0.126000 0.584667 0.145333 0.606667 0.158667 0.624667 0.168000 0.632000 0.173333 0.632667 0.178000 0.631333 0.216000 0.605333 0.230667 0.592000 0.232667 0.586000 0.222000 0.576667 0.210000 0.553333 0.198667 0.541333 0.188000 0.532667 0.169333 0.523333 0.153333 0.517333 0.144667 0.516000
0 0.126000 0.475333 0.118667 0.487333 0.116667 0.497333 0.118000 0.509333 0.122000 0.515333 0.128000 0.517333 0.136000 0.515333 0.153333 0.516667 0.169333 0.522667 0.192667 0.534667 0.211333 0.552667 0.220667 0.571333 0.226000 0.578000 0.236000 0.579333 0.249333 0.572667 0.252667 0.565333 0.252667 0.560000 0.248000 0.542000 0.231333 0.510000 0.227333 0.506000 0.225333 0.501333 0.220000 0.497333 0.218000 0.492667 0.209333 0.484667 0.206000 0.484667 0.178000 0.469333 0.156000 0.462000 0.141333 0.464667
0 0.151333 0.392000 0.135333 0.407333 0.126667 0.419333 0.121333 0.434667 0.122000 0.445333 0.127333 0.448667 0.130667 0.455333 0.146667 0.443333 0.148667 0.445333 0.154000 0.445333 0.157333 0.447333 0.164667 0.446000 0.171333 0.448000 0.184667 0.458000 0.192667 0.462000 0.195333 0.466667 0.200667 0.470000 0.208667 0.478667 0.209333 0.482000 0.231333 0.508000 0.240667 0.522667 0.252667 0.550667 0.257333 0.556000 0.263333 0.557333 0.272000 0.548667 0.271333 0.536000 0.278667 0.526000 0.280000 0.519333 0.272000 0.501333 0.266667 0.494667 0.257333 0.478000 0.235333 0.452667 0.233333 0.447333 0.227333 0.442667 0.226000 0.439333 0.202667 0.415333 0.198000 0.413333 0.193333 0.408667 0.184667 0.405333 0.162000 0.391333 0.154000 0.390667
0 0.173333 0.358000 0.157333 0.380667 0.156000 0.384000 0.156667 0.388000 0.193333 0.408000 0.217333 0.428000 0.233333 0.445333 0.250000 0.467333 0.257333 0.474000 0.274667 0.504667 0.279333 0.509333 0.287333 0.510667 0.294000 0.506667 0.300667 0.499333 0.311333 0.491333 0.315333 0.483333 0.311333 0.472000 0.296667 0.448000 0.257333 0.404667 0.248667 0.393333 0.210000 0.360667 0.197333 0.356667 0.192000 0.353333 0.180667 0.352667
0 0.205333 0.316667 0.203333 0.321333 0.196000 0.325333 0.195333 0.329333 0.192667 0.329333 0.188667 0.332667 0.188667 0.336000 0.190667 0.336000 0.193333 0.331333 0.195333 0.332667 0.196667 0.338000 0.194000 0.342000 0.190000 0.342667 0.187333 0.340667 0.186667 0.337333 0.184667 0.338000 0.183333 0.344000 0.184667 0.348000 0.193333 0.350000 0.210667 0.359333 0.247333 0.391333 0.297333 0.446667 0.310667 0.466667 0.310667 0.470000 0.318000 0.480000 0.322667 0.479333 0.342667 0.459333 0.344667 0.455333 0.343333 0.444000 0.339333 0.439333 0.336000 0.429333 0.328000 0.416000 0.324667 0.413333 0.308000 0.390667 0.288000 0.368667 0.259333 0.346000 0.247333 0.328000 0.230000 0.318000 0.222667 0.317333 0.215333 0.318667 0.212000 0.317333 0.208667 0.320667
0 0.274667 0.256667 0.258667 0.266000 0.250667 0.275333 0.243333 0.278667 0.227333 0.298000 0.223333 0.307333 0.224000 0.314000 0.232000 0.316667 0.248000 0.327333 0.258667 0.343333 0.290000 0.369333 0.320000 0.403333 0.324667 0.412000 0.335333 0.426000 0.340667 0.440000 0.345333 0.442667 0.349333 0.442000 0.364667 0.431333 0.360000 0.428000 0.361333 0.419333 0.365333 0.428000 0.369333 0.428667 0.388000 0.420000 0.395333 0.412667 0.394667 0.404000 0.391333 0.396667 0.388667 0.384000 0.381333 0.369333 0.377333 0.365333 0.365333 0.345333 0.328000 0.298667 0.316000 0.287333 0.308667 0.276000 0.305333 0.273333 0.303333 0.268667 0.296667 0.264000 0.294667 0.259333 0.292000 0.259333 0.286667 0.254000 0.283333 0.254000 0.279333 0.256667
0 0.352667 0.183333 0.346000 0.186000 0.337333 0.194667 0.326667 0.210000 0.322000 0.212000 0.313333 0.220000 0.312000 0.224000 0.306000 0.228667 0.296667 0.244000 0.294667 0.252667 0.300000 0.261333 0.312000 0.274667 0.313333 0.278667 0.335333 0.303333 0.352667 0.327333 0.358667 0.332667 0.364000 0.341333 0.374667 0.353333 0.376000 0.357333 0.383333 0.364667 0.400000 0.390000 0.405333 0.395333 0.407333 0.400667 0.412000 0.404667 0.416667 0.406000 0.420667 0.402667 0.429333 0.389333 0.430667 0.368000 0.436667 0.363333 0.436667 0.360667 0.434000 0.358000 0.441333 0.349333 0.444667 0.348667 0.446667 0.345333 0.454000 0.340667 0.456000 0.336667 0.460000 0.335333 0.462000 0.332667 0.462667 0.322667 0.461333 0.312667 0.459333 0.306667 0.450000 0.292000 0.438000 0.280000 0.428667 0.267333 0.422667 0.262667 0.421333 0.259333 0.415333 0.254000 0.413333 0.249333 0.402667 0.239333 0.396667 0.230000 0.391333 0.225333 0.389333 0.220667 0.384000 0.215333 0.382000 0.210667 0.357333 0.184000
0 0.400000 0.164667 0.396000 0.169333 0.384667 0.173333 0.380000 0.178000 0.374667 0.180667 0.370000 0.189333 0.371333 0.197333 0.408000 0.236667 0.415333 0.247333 0.420000 0.251333 0.422667 0.256667 0.453333 0.292000 0.465333 0.312667 0.471333 0.332000 0.482000 0.346000 0.487333 0.348000 0.491333 0.345333 0.495333 0.330667 0.499333 0.324667 0.501333 0.316667 0.505333 0.316667 0.508000 0.319333 0.513333 0.320667 0.515333 0.318667 0.517333 0.311333 0.517333 0.292000 0.508667 0.251333 0.500000 0.232000 0.498667 0.209333 0.493333 0.187333 0.491333 0.183333 0.480667 0.173333 0.467333 0.164000 0.453333 0.158667 0.432000 0.157333 0.412000 0.164000
0 0.466667 0.164000 0.453333 0.159333 0.432000 0.158000 0.412667 0.164667 0.400667 0.166000 0.396000 0.170667 0.384000 0.174000 0.374667 0.182000 0.372667 0.188000 0.369333 0.192000 0.358000 0.181333 0.352667 0.181333 0.346000 0.184667 0.328000 0.204667 0.326667 0.208000 0.321333 0.211333 0.305333 0.228667 0.298000 0.239333 0.294667 0.252667 0.282667 0.248667 0.274667 0.250000 0.262000 0.262667 0.256000 0.266000 0.245333 0.277333 0.238667 0.282000 0.232000 0.293333 0.226000 0.298000 0.220000 0.312000 0.210000 0.310667 0.205333 0.312667 0.202667 0.318000 0.198000 0.322667 0.188000 0.329333 0.182000 0.338000 0.180667 0.344000 0.181333 0.349333 0.174000 0.356667 0.164667 0.368667 0.163333 0.372667 0.158667 0.377333 0.155333 0.388000 0.141333 0.399333 0.126667 0.418000 0.120667 0.434667 0.121333 0.444000 0.130000 0.458667 0.138667 0.462000 0.140000 0.464667 0.137333 0.468000 0.132667 0.469333 0.126000 0.475333 0.118667 0.488000 0.117333 0.494000 0.118667 0.510000 0.127333 0.521333 0.122667 0.534000 0.122667 0.555333 0.119333 0.569333 0.126667 0.585333 0.145333 0.606000 0.157333 0.622667 0.167333 0.630667 0.178000 0.630667 0.188667 0.624667 0.197333 0.617333 0.201333 0.616000 0.216000 0.605333 0.226667 0.594667 0.231333 0.592667 0.237333 0.581333 0.248000 0.576667 0.258667 0.568000 0.262000 0.560667 0.272667 0.548667 0.272667 0.536000 0.280000 0.524000 0.283333 0.514000 0.296667 0.506667 0.312000 0.491333 0.316667 0.484667 0.325333 0.478667 0.343333 0.460000 0.345333 0.456000 0.345333 0.448000 0.367333 0.431333 0.388000 0.421333 0.395333 0.413333 0.396000 0.404667 0.392667 0.396000 0.390667 0.384667 0.392667 0.382000 0.396667 0.385333 0.398667 0.390000 0.404667 0.396000 0.408000 0.402000 0.415333 0.406667 0.418000 0.406000 0.430000 0.389333 0.430667 0.377333 0.436667 0.374000 0.444000 0.366667 0.446000 0.361333 0.449333 0.358000 0.466667 0.349333 0.470000 0.345333 0.471333 0.337333 0.469333 0.333333 0.469333 0.328667 0.470667 0.327333 0.474000 0.328667 0.476000 0.336000 0.481333 0.342000 0.486667 0.346000 0.490000 0.346000 0.501333 0.319333 0.505333 0.315333 0.512000 0.317333 0.514000 0.316667 0.516000 0.310000 0.516667 0.294000 0.508000 0.251333 0.500000 0.234667 0.498667 0.210667 0.495333 0.200000 0.494000 0.189333 0.490667 0.184000 0.479333 0.172667 0.472000 0.169333
5 0.600667 0.297333 0.575333 0.298000 0.572667 0.304000 0.564667 0.298000 0.556000 0.297333 0.554667 0.300667 0.556000 0.307333 0.558667 0.311333 0.558667 0.315333 0.561333 0.320000 0.568667 0.325333 0.568000 0.326667 0.558000 0.320667 0.544667 0.319333 0.541333 0.317333 0.536667 0.318000 0.531333 0.321333 0.526000 0.327333 0.527333 0.335333 0.531333 0.341333 0.531333 0.357333 0.529333 0.360000 0.524000 0.358000 0.521333 0.354000 0.512000 0.349333 0.508667 0.352667 0.511333 0.365333 0.506000 0.370000 0.496667 0.371333 0.492000 0.376667 0.498000 0.385333 0.498000 0.388667 0.490667 0.391333 0.486000 0.391333 0.479333 0.385333 0.470667 0.387333 0.468000 0.391333 0.468000 0.412000 0.466667 0.412667 0.460000 0.408000 0.456667 0.409333 0.452667 0.418000 0.444667 0.424000 0.444667 0.430000 0.446667 0.434000 0.445333 0.436000 0.438667 0.436000 0.436000 0.423333 0.426667 0.422000 0.423333 0.423333 0.418000 0.430000 0.412000 0.433333 0.407333 0.439333 0.408000 0.448000 0.418000 0.466000 0.428667 0.473333 0.430000 0.483333 0.431333 0.484667 0.436000 0.484667 0.437333 0.493333 0.439333 0.494667 0.438000 0.498000 0.452667 0.502000 0.453333 0.506667 0.458000 0.509333 0.453333 0.513333 0.467333 0.517333 0.468667 0.520667 0.467333 0.529333 0.472667 0.532000 0.480000 0.532000 0.485333 0.538667 0.488667 0.538667 0.490667 0.540667 0.489333 0.543333 0.485333 0.543333 0.483333 0.540000 0.481333 0.540000 0.481333 0.544667 0.488000 0.546667 0.492000 0.550667 0.494667 0.560000 0.504667 0.564667 0.510000 0.563333 0.512667 0.565333 0.512000 0.567333 0.508667 0.568000 0.512667 0.570000 0.511333 0.576000 0.515333 0.578667 0.518667 0.578667 0.524000 0.583333 0.524000 0.586000 0.521333 0.586667 0.521333 0.588667 0.523333 0.588667 0.523333 0.586667 0.525333 0.586000 0.526667 0.587333 0.524000 0.590667 0.525333 0.592667 0.528667 0.594000 0.536667 0.593333 0.541333 0.595333 0.541333 0.599333 0.545333 0.603333 0.556667 0.610000 0.560667 0.614667 0.562000 0.618667 0.566667 0.622667 0.565333 0.626000 0.560667 0.624000 0.550667 0.623333 0.545333 0.617333 0.545333 0.610000 0.541333 0.612000 0.538667 0.610000 0.535333 0.610000 0.531333 0.614000 0.534667 0.621333 0.542667 0.628000 0.546000 0.634000 0.549333 0.635333 0.551333 0.642667 0.563333 0.654667 0.569333 0.654000 0.570000 0.650667 0.576000 0.647333 0.577333 0.644000 0.576000 0.637333 0.580000 0.633333 0.584000 0.634667 0.591333 0.628667 0.594000 0.624000 0.594000 0.619333 0.600667 0.616667 0.604667 0.609333 0.610000 0.609333 0.618667 0.615333 0.622667 0.614667 0.631333 0.608000 0.630667 0.600000 0.632000 0.598667 0.638667 0.598000 0.647333 0.592000 0.646667 0.582667 0.662000 0.575333 0.664000 0.571333 0.664000 0.564667 0.666000 0.562667 0.678667 0.561333 0.687333 0.554000 0.690000 0.549333 0.688667 0.540667 0.692667 0.538000 0.700667 0.541333 0.704667 0.541333 0.710000 0.538667 0.712667 0.532667 0.712667 0.525333 0.725333 0.522000 0.736000 0.513333 0.737333 0.510667 0.736667 0.498667 0.744000 0.490667 0.744667 0.484667 0.741333 0.477333 0.718667 0.450667 0.710667 0.438667 0.706667 0.436000 0.690667 0.417333 0.662667 0.380667 0.656000 0.374000 0.647333 0.359333 0.633333 0.342000 0.631333 0.337333 0.628000 0.334667 0.616000 0.314667 0.608667 0.304667
5 0.386000 0.438000 0.384667 0.439333 0.384667 0.443333 0.389333 0.444667 0.391333 0.452667 0.401333 0.455333 0.398667 0.462000 0.392667 0.466000 0.398000 0.478000 0.396667 0.481333 0.392000 0.483333 0.382667 0.477333 0.377333 0.477333 0.370000 0.482000 0.360667 0.482000 0.357333 0.486000 0.356000 0.492000 0.353333 0.494000 0.349333 0.493333 0.344667 0.489333 0.338000 0.489333 0.332000 0.496000 0.330000 0.504000 0.328000 0.501333 0.321333 0.500000 0.318000 0.497333 0.314667 0.497333 0.312000 0.500667 0.312000 0.504000 0.319333 0.511333 0.320667 0.514667 0.327333 0.520000 0.330667 0.525333 0.327333 0.530000 0.322667 0.529333 0.306000 0.516000 0.298000 0.514667 0.292000 0.517333 0.288667 0.522667 0.282000 0.527333 0.276667 0.536000 0.282000 0.549333 0.295333 0.563333 0.295333 0.568000 0.294000 0.569333 0.290000 0.569333 0.284000 0.566000 0.279333 0.566667 0.269333 0.578000 0.252000 0.586000 0.248000 0.595333 0.240000 0.592000 0.236000 0.592000 0.229333 0.595333 0.226000 0.601333 0.226000 0.606000 0.234000 0.618667 0.233333 0.624667 0.220000 0.633333 0.218000 0.638667 0.213333 0.640667 0.211333 0.644667 0.206667 0.644000 0.202000 0.640000 0.195333 0.639333 0.188000 0.641333 0.182667 0.647333 0.174000 0.646000 0.166667 0.657333 0.166667 0.662000 0.161333 0.666000 0.157333 0.672667 0.157333 0.678000 0.151333 0.688667 0.151333 0.694000 0.146000 0.700000 0.134667 0.705333 0.132000 0.711333 0.133333 0.716667 0.139333 0.722667 0.142000 0.728667 0.154000 0.739333 0.161333 0.748667 0.168667 0.753333 0.174000 0.762000 0.188000 0.774667 0.189333 0.778667 0.200000 0.786000 0.204667 0.794667 0.214667 0.801333 0.220000 0.810000 0.228000 0.815333 0.234667 0.822667 0.235333 0.825333 0.248667 0.836667 0.251333 0.842667 0.256667 0.845333 0.264667 0.853333 0.266667 0.858000 0.279333 0.868667 0.283333 0.875333 0.298667 0.886667 0.303333 0.886667 0.318000 0.881333 0.321333 0.876667 0.327333 0.873333 0.330667 0.866667 0.336667 0.863333 0.340667 0.864667 0.344667 0.864000 0.347333 0.861333 0.349333 0.855333 0.356667 0.858000 0.365333 0.856667 0.369333 0.846667 0.369333 0.838000 0.384000 0.827333 0.388000 0.822667 0.390000 0.818000 0.389333 0.806667 0.392000 0.803333 0.395333 0.802667 0.399333 0.798000 0.405333 0.796667 0.408667 0.793333 0.412667 0.792000 0.419333 0.782667 0.426667 0.786667 0.434667 0.786000 0.443333 0.778000 0.446667 0.772000 0.456667 0.762000 0.468000 0.755333 0.468667 0.750667 0.460667 0.739333 0.460667 0.729333 0.474000 0.720000 0.476000 0.714000 0.484667 0.708667 0.486000 0.703333 0.498000 0.694000 0.497333 0.690000 0.509333 0.678000 0.510667 0.674000 0.514000 0.674667 0.533333 0.668667 0.540667 0.672667 0.548667 0.672000 0.550000 0.670667 0.544667 0.652667 0.540667 0.648000 0.538667 0.642667 0.532667 0.638667 0.529333 0.627333 0.524667 0.623333 0.521333 0.613333 0.516667 0.608667 0.516667 0.604667 0.518667 0.603333 0.522000 0.603333 0.525333 0.608000 0.530667 0.608000 0.532000 0.606667 0.532000 0.602667 0.530000 0.598667 0.525333 0.595333 0.516667 0.593333 0.514000 0.587333 0.509333 0.585333 0.506000 0.580000 0.500667 0.577333 0.498000 0.564000 0.486667 0.561333 0.482000 0.549333 0.472000 0.546000 0.470000 0.544000 0.467333 0.532667 0.456000 0.530000 0.453333 0.525333 0.452000 0.517333 0.439333 0.513333 0.435333 0.500667 0.428667 0.496667 0.428000 0.492667 0.426000 0.493333 0.425333 0.498000 0.424000 0.498667 0.422667 0.497333 0.424000 0.488000 0.420667 0.478000 0.417333 0.476000 0.412667 0.464667 0.408667 0.466667 0.406667 0.465333 0.404667 0.450667 0.399333 0.447333 0.397333 0.438667
5 0.844667 0.564000 0.823333 0.548000 0.798667 0.533333 0.784667 0.529333 0.746667 0.522667 0.735333 0.522667 0.732000 0.524000 0.727333 0.533333 0.726000 0.563333 0.726667 0.593333 0.723333 0.596667 0.697333 0.596667 0.691333 0.599333 0.690667 0.609333 0.692667 0.620000 0.692000 0.626667 0.689333 0.631333 0.669333 0.616667 0.662000 0.609333 0.656667 0.607333 0.652000 0.608667 0.642667 0.618000 0.640000 0.623333 0.630667 0.632667 0.626000 0.634667 0.606667 0.662000 0.603333 0.664667 0.601333 0.669333 0.596000 0.674667 0.590667 0.684667 0.582667 0.692000 0.577333 0.701333 0.568000 0.710667 0.550000 0.718667 0.536667 0.705333 0.532000 0.705333 0.510000 0.722000 0.496000 0.738667 0.480000 0.752000 0.465333 0.768000 0.440000 0.790000 0.436000 0.796000 0.423333 0.806667 0.421333 0.810667 0.411333 0.820000 0.410000 0.822667 0.410667 0.827333 0.422667 0.840000 0.434667 0.848667 0.453333 0.870000 0.454000 0.872667 0.473333 0.891333 0.525333 0.947333 0.529333 0.947333 0.536667 0.943333 0.539333 0.939333 0.545333 0.938000 0.549333 0.935333 0.557333 0.924667 0.564000 0.927333 0.569333 0.927333 0.572000 0.924000 0.576667 0.922667 0.578667 0.920000 0.582000 0.900667 0.587333 0.894000 0.595333 0.892667 0.607333 0.894000 0.615333 0.890667 0.630667 0.874000 0.641333 0.865333 0.644000 0.862000 0.646667 0.854000 0.654000 0.858667 0.663333 0.868000 0.664667 0.871333 0.674000 0.882000 0.680667 0.885333 0.686000 0.884667 0.702000 0.867333 0.718000 0.834667 0.720667 0.822000 0.729333 0.813333 0.733333 0.812667 0.760000 0.816000 0.772667 0.819333 0.806667 0.821333 0.812667 0.820000 0.816667 0.814667 0.826667 0.812000 0.829333 0.805333 0.832000 0.790667 0.835333 0.786667 0.867333 0.780667 0.872667 0.776667 0.873333 0.770000 0.863333 0.729333 0.872667 0.724000 0.880000 0.716667 0.883333 0.703333 0.897333 0.700000 0.904667 0.696000 0.908000 0.680667 0.905333 0.660000 0.897333 0.638000 0.893333 0.636667 0.888667 0.631333 0.881333 0.612667 0.874000 0.602000 0.853333 0.580000
5 0.601333 0.118000 0.592000 0.116667 0.582667 0.122000 0.571333 0.122667 0.556000 0.126667 0.540000 0.134667 0.530667 0.142000 0.516000 0.158000 0.508667 0.170000 0.501333 0.191333 0.500667 0.214667 0.504667 0.234667 0.512000 0.250667 0.516667 0.258000 0.533333 0.276667 0.544667 0.284000 0.565333 0.292000 0.576667 0.293333 0.601333 0.293333 0.609333 0.292000 0.622000 0.288000 0.638000 0.279333 0.647333 0.269333 0.650000 0.260000 0.654667 0.254000 0.658000 0.244667 0.672000 0.224667 0.673333 0.217333 0.672000 0.190667 0.663333 0.166000 0.652000 0.150667 0.632667 0.134000 0.620000 0.128000 0.614667 0.122667
5 0.712000 0.208000 0.700000 0.212000 0.684667 0.220000 0.673333 0.230000 0.666667 0.240000 0.663333 0.249333 0.658667 0.254667 0.653333 0.269333 0.650667 0.271333 0.648000 0.280000 0.645333 0.283333 0.646000 0.286667 0.644000 0.290000 0.644667 0.295333 0.643333 0.297333 0.643333 0.300667 0.645333 0.302667 0.644667 0.307333 0.653333 0.319333 0.653333 0.322667 0.656667 0.327333 0.658000 0.334000 0.664000 0.342667 0.674000 0.353333 0.686000 0.362000 0.689333 0.366000 0.706000 0.373333 0.725333 0.376667 0.741333 0.376667 0.758667 0.374000 0.776000 0.366000 0.786667 0.358000 0.804667 0.337333 0.815333 0.311333 0.816000 0.303333 0.815333 0.278667 0.810667 0.260667 0.802667 0.244000 0.800000 0.242667 0.798667 0.239333 0.786667 0.226667 0.770000 0.216000 0.752667 0.209333 0.739333 0.206667
