0 0.362963 0.418519 0.650000 0.418519 0.650000 0.629630 0.362963 0.629630
5 0.089815 0.261111 0.178704 0.261111 0.178704 0.668519 0.089815 0.668519
5 0.173148 0.720370 0.493519 0.720370 0.493519 0.884259 0.173148 0.884259
5 0.670370 0.617593 0.841667 0.617593 0.841667 0.877778 0.670370 0.877778
5 0.272222 0.590741 0.542593 0.590741 0.542593 0.825000 0.272222 0.825000
5 0.139815 0.415741 0.377778 0.415741 0.377778 0.595370 0.139815 0.595370
5 0.204630 0.286111 0.448148 0.286111 0.448148 0.485185 0.204630 0.485185
5 0.243519 0.136111 0.411111 0.136111 0.411111 0.264815 0.243519 0.264815
5 0.606481 0.127778 0.860185 0.127778 0.860185 0.350000 0.606481 0.350000
5 0.458333 0.258333 0.713889 0.258333 0.713889 0.464815 0.458333 0.464815
5 0.313889 0.150926 0.542593 0.150926 0.542593 0.300926 0.313889 0.300926
5 0.615741 0.467593 0.703704 0.467593 0.703704 0.776852 0.615741 0.776852
5 0.370370 0.595370 0.626852 0.595370 0.626852 0.730556 0.370370 0.730556
5 0.600000 0.226852 0.762037 0.226852 0.762037 0.392593 0.600000 0.392593
5 0.759259 0.191667 0.856481 0.191667 0.856481 0.253704 0.759259 0.253704
5 0.743519 0.329630 0.820370 0.329630 0.820370 0.439815 0.743519 0.439815
5 0.421296 0.265741 0.532407 0.265741 0.532407 0.404630 0.421296 0.404630
6 0.128704 0.598148 0.290741 0.598148 0.290741 0.738889 0.128704 0.738889
6 0.360185 0.691667 0.680556 0.691667 0.680556 0.910185 0.360185 0.910185
0 0.362963 0.508333 0.362963 0.520370 0.377778 0.560185 0.406481 0.593519 0.418519 0.600000 0.424074 0.605556 0.448148 0.613889 0.460185 0.620370 0.504630 0.628704 0.522222 0.629630 0.537037 0.627778 0.552778 0.622222 0.581481 0.602778 0.607407 0.589815 0.625000 0.576852 0.643519 0.544444 0.649074 0.514815 0.650000 0.491667 0.648148 0.483333 0.640741 0.470370 0.622222 0.453704 0.596296 0.446296 0.576852 0.428704 0.566667 0.422222 0.547222 0.419444 0.518519 0.425000 0.506481 0.434259 0.493519 0.437037 0.486111 0.441667 0.483333 0.449074 0.475926 0.456481 0.475000 0.465741 0.469444 0.470370 0.467593 0.483333 0.462037 0.489815 0.462037 0.497222 0.460185 0.499074 0.450926 0.499074 0.441667 0.492593 0.437037 0.486111 0.436111 0.480556 0.437963 0.475000 0.437037 0.462963 0.439815 0.460185 0.438889 0.455556 0.448148 0.451852 0.446296 0.446296 0.451852 0.443519 0.453704 0.436111 0.450926 0.431481 0.452778 0.427778 0.447222 0.424074 0.445370 0.419444 0.439815 0.418519 0.426852 0.426852 0.414815 0.428704 0.382407 0.462037 0.375926 0.472222 0.371296 0.495370
5 0.165741 0.261111 0.157407 0.261111 0.139815 0.270370 0.133333 0.284259 0.133333 0.293519 0.128704 0.304630 0.122222 0.312037 0.116667 0.313889 0.109259 0.320370 0.103704 0.332407 0.094444 0.363889 0.089815 0.403704 0.091667 0.424074 0.089815 0.440741 0.090741 0.484259 0.094444 0.547222 0.107407 0.604630 0.110185 0.625926 0.116667 0.647222 0.121296 0.655556 0.126852 0.661111 0.137037 0.666667 0.149074 0.668519 0.159259 0.666667 0.169444 0.658333 0.173148 0.644444 0.175000 0.608333 0.169444 0.578704 0.149074 0.535185 0.138889 0.500926 0.138889 0.485185 0.142593 0.473148 0.163889 0.451852 0.169444 0.435185 0.171296 0.335185 0.174074 0.305556 0.177778 0.296296 0.178704 0.277778 0.176852 0.267593
5 0.173148 0.751852 0.175000 0.771296 0.187037 0.799074 0.189815 0.810185 0.206481 0.826852 0.252778 0.862037 0.277778 0.873148 0.325000 0.884259 0.343519 0.884259 0.384259 0.877778 0.426852 0.875000 0.465741 0.875926 0.481481 0.871296 0.492593 0.857407 0.493519 0.844444 0.489815 0.831481 0.490741 0.825926 0.486111 0.812037 0.483333 0.812037 0.471296 0.800926 0.456481 0.793519 0.450926 0.793519 0.426852 0.784259 0.415741 0.782407 0.404630 0.775000 0.400000 0.774074 0.395370 0.769444 0.378704 0.760185 0.347222 0.727778 0.334259 0.720370 0.288889 0.720370 0.248148 0.729630 0.197222 0.732407 0.189815 0.735185
5 0.819444 0.619444 0.807407 0.617593 0.798148 0.619444 0.793519 0.617593 0.772222 0.622222 0.764815 0.619444 0.745370 0.619444 0.723148 0.625926 0.700000 0.627778 0.695370 0.631481 0.688889 0.645370 0.687037 0.657407 0.681481 0.668519 0.679630 0.680556 0.674074 0.695370 0.670370 0.729630 0.670370 0.750000 0.678704 0.795370 0.684259 0.856481 0.687037 0.866667 0.696296 0.875000 0.705556 0.877778 0.741667 0.876852 0.754630 0.875000 0.762963 0.870370 0.780556 0.854630 0.803704 0.825926 0.822222 0.784259 0.826852 0.780556 0.835185 0.763889 0.841667 0.734259 0.841667 0.687037 0.837963 0.673148 0.834259 0.640741 0.825926 0.624074
5 0.272222 0.596296 0.274074 0.613889 0.279630 0.621296 0.285185 0.635185 0.292593 0.675926 0.296296 0.683333 0.297222 0.690741 0.301852 0.698148 0.307407 0.699074 0.313889 0.694444 0.317593 0.695370 0.360185 0.738889 0.398148 0.767593 0.425000 0.781481 0.471296 0.794444 0.492593 0.802778 0.498148 0.810185 0.498148 0.815741 0.504630 0.822222 0.512963 0.825000 0.526852 0.822222 0.535185 0.814815 0.541667 0.800000 0.542593 0.780556 0.539815 0.771296 0.535185 0.767593 0.534259 0.762963 0.528704 0.760185 0.497222 0.761111 0.489815 0.759259 0.455556 0.741667 0.418519 0.708333 0.375926 0.660185 0.364815 0.641667 0.331481 0.605556 0.309259 0.595370 0.296296 0.593519 0.291667 0.590741 0.287037 0.593519
5 0.141667 0.484259 0.139815 0.500000 0.154630 0.546296 0.171296 0.575926 0.181481 0.583333 0.216667 0.591667 0.252778 0.593519 0.256481 0.595370 0.262963 0.591667 0.268519 0.592593 0.275926 0.587963 0.274074 0.584259 0.277778 0.581481 0.290741 0.583333 0.307407 0.590741 0.318519 0.590741 0.325000 0.582407 0.330556 0.583333 0.335185 0.579630 0.335185 0.575000 0.325926 0.569444 0.325926 0.567593 0.340741 0.566667 0.344444 0.569444 0.358333 0.568519 0.371296 0.571296 0.377778 0.569444 0.376852 0.560185 0.370370 0.548148 0.362963 0.525926 0.358333 0.518519 0.331481 0.494444 0.326852 0.480556 0.303704 0.447222 0.295370 0.438889 0.281481 0.430556 0.250000 0.417593 0.237963 0.415741 0.222222 0.416667 0.212963 0.419444 0.196296 0.428704 0.182407 0.438889 0.158333 0.462963 0.156481 0.467593
5 0.212037 0.292593 0.213889 0.342593 0.216667 0.352778 0.216667 0.382407 0.211111 0.398148 0.204630 0.407407 0.204630 0.412963 0.209259 0.413889 0.228704 0.410185 0.247222 0.411111 0.267593 0.421296 0.287037 0.427778 0.306481 0.443519 0.309259 0.443519 0.313889 0.451852 0.321296 0.458333 0.332407 0.454630 0.332407 0.450926 0.335185 0.448148 0.338889 0.425000 0.341667 0.426852 0.342593 0.479630 0.345370 0.483333 0.365741 0.485185 0.374074 0.473148 0.376852 0.464815 0.405556 0.435185 0.409259 0.427778 0.415741 0.422222 0.421296 0.420370 0.433333 0.409259 0.447222 0.403704 0.448148 0.395370 0.443519 0.360185 0.439815 0.353704 0.437037 0.341667 0.424074 0.317593 0.420370 0.300000 0.416667 0.297222 0.375926 0.301852 0.373148 0.305556 0.361111 0.311111 0.359259 0.314815 0.358333 0.341667 0.356481 0.344444 0.353704 0.338889 0.352778 0.329630 0.342593 0.320370 0.315741 0.312963 0.300000 0.312037 0.280556 0.305556 0.250000 0.302778 0.237037 0.306481 0.232407 0.300926 0.226852 0.299074 0.232407 0.296296 0.232407 0.293519 0.224074 0.291667 0.224074 0.286111 0.216667 0.287037
5 0.403704 0.148148 0.394444 0.139815 0.353704 0.136111 0.330556 0.144444 0.283333 0.168519 0.261111 0.188889 0.250000 0.216667 0.243519 0.226852 0.244444 0.244444 0.250926 0.254630 0.262963 0.262037 0.273148 0.264815 0.301852 0.264815 0.319444 0.261111 0.330556 0.252778 0.410185 0.170370 0.411111 0.160185
5 0.606481 0.134259 0.607407 0.139815 0.622222 0.149074 0.626852 0.154630 0.646296 0.165741 0.672222 0.188889 0.684259 0.196296 0.688889 0.203704 0.700000 0.212037 0.710185 0.224074 0.714815 0.233333 0.718519 0.249074 0.727778 0.263889 0.756481 0.279630 0.758333 0.286111 0.759259 0.320370 0.761111 0.325926 0.768519 0.334259 0.781481 0.342593 0.806481 0.349074 0.819444 0.350000 0.843519 0.342593 0.860185 0.328704 0.860185 0.313889 0.857407 0.307407 0.853704 0.304630 0.850000 0.291667 0.845370 0.289815 0.843519 0.281481 0.837037 0.280556 0.834259 0.275000 0.829630 0.275000 0.826852 0.264815 0.810185 0.256481 0.811111 0.251852 0.806481 0.253704 0.804630 0.251852 0.784259 0.250926 0.775000 0.246296 0.766667 0.224074 0.766667 0.219444 0.761111 0.212037 0.754630 0.188889 0.744444 0.187963 0.737037 0.184259 0.727778 0.176852 0.725000 0.170370 0.712037 0.164815 0.701852 0.157407 0.697222 0.157407 0.692593 0.152778 0.678704 0.150000 0.675000 0.145370 0.665741 0.144444 0.661111 0.137963 0.658333 0.137963 0.654630 0.134259 0.637037 0.131481 0.628704 0.127778 0.621296 0.127778
5 0.458333 0.263889 0.459259 0.271296 0.482407 0.313889 0.488889 0.322222 0.500926 0.350000 0.514815 0.369444 0.516667 0.375000 0.533333 0.394444 0.549074 0.404630 0.570370 0.414815 0.587037 0.436111 0.594444 0.442593 0.613889 0.448148 0.623148 0.452778 0.633333 0.462037 0.644444 0.464815 0.668519 0.450926 0.685185 0.437037 0.690741 0.429630 0.694444 0.428704 0.698148 0.423148 0.712963 0.412963 0.713889 0.402778 0.709259 0.397222 0.700926 0.395370 0.662963 0.374074 0.631481 0.361111 0.586111 0.351852 0.555556 0.338889 0.539815 0.325000 0.532407 0.314815 0.484259 0.266667 0.471296 0.259259 0.462037 0.258333
5 0.542593 0.190741 0.539815 0.187963 0.533333 0.189815 0.519444 0.187963 0.513889 0.184259 0.512037 0.175926 0.506481 0.176852 0.508333 0.182407 0.505556 0.186111 0.500926 0.182407 0.501852 0.177778 0.495370 0.170370 0.490741 0.171296 0.472222 0.162037 0.467593 0.156481 0.451852 0.150926 0.446296 0.150926 0.431481 0.156481 0.392593 0.187963 0.328704 0.255556 0.314815 0.275000 0.313889 0.285185 0.322222 0.293519 0.330556 0.298148 0.340741 0.300926 0.355556 0.300926 0.412037 0.284259 0.443519 0.268519 0.463889 0.251852 0.499074 0.239815 0.504630 0.235185 0.507407 0.227778 0.511111 0.225000 0.510185 0.221296 0.512963 0.210185 0.522222 0.210185 0.523148 0.202778 0.525926 0.201852 0.529630 0.193519 0.541667 0.194444
5 0.698148 0.467593 0.674074 0.470370 0.658333 0.477778 0.652778 0.484259 0.652778 0.504630 0.648148 0.544444 0.625926 0.588889 0.622222 0.626852 0.622222 0.709259 0.618519 0.725000 0.615741 0.752778 0.618519 0.766667 0.625926 0.775000 0.630556 0.776852 0.643519 0.776852 0.655556 0.767593 0.659259 0.753704 0.658333 0.738889 0.670370 0.695370 0.672222 0.680556 0.685185 0.637037 0.685185 0.626852 0.676852 0.625000 0.656481 0.600000 0.653704 0.584259 0.655556 0.575000 0.660185 0.566667 0.673148 0.550926 0.680556 0.533333 0.687037 0.529630 0.693519 0.513889 0.693519 0.509259 0.696296 0.506481 0.696296 0.501852 0.700000 0.498148 0.702778 0.488889 0.703704 0.474074 0.702778 0.470370
5 0.370370 0.637037 0.370370 0.648148 0.378704 0.660185 0.387963 0.663889 0.400000 0.662963 0.411111 0.650000 0.425926 0.644444 0.433333 0.645370 0.441667 0.659259 0.442593 0.673148 0.446296 0.680556 0.500926 0.730556 0.508333 0.730556 0.524074 0.721296 0.524074 0.680556 0.522222 0.676852 0.523148 0.667593 0.520370 0.662963 0.522222 0.649074 0.529630 0.649074 0.530556 0.654630 0.526852 0.657407 0.527778 0.660185 0.530556 0.659259 0.531481 0.655556 0.536111 0.656481 0.546296 0.663889 0.566667 0.672222 0.596296 0.689815 0.614815 0.693519 0.619444 0.690741 0.624074 0.691667 0.625926 0.686111 0.625000 0.656481 0.626852 0.651852 0.624074 0.625926 0.625926 0.624074 0.624074 0.612037 0.622222 0.612963 0.621296 0.665741 0.619444 0.669444 0.608333 0.656481 0.561111 0.626852 0.546296 0.625926 0.523148 0.630556 0.521296 0.635185 0.519444 0.631481 0.506481 0.629630 0.499074 0.625926 0.459259 0.622222 0.449074 0.614815 0.424074 0.608333 0.419444 0.601852 0.405556 0.595370 0.398148 0.596296 0.375000 0.623148
5 0.605556 0.227778 0.600000 0.235185 0.600000 0.269444 0.606481 0.327778 0.615741 0.341667 0.611111 0.348148 0.612963 0.353704 0.615741 0.354630 0.619444 0.350926 0.622222 0.354630 0.626852 0.351852 0.629630 0.354630 0.634259 0.352778 0.638889 0.354630 0.641667 0.345370 0.646296 0.340741 0.649074 0.350926 0.663889 0.365741 0.664815 0.372222 0.669444 0.376852 0.679630 0.380556 0.688889 0.388889 0.693519 0.388889 0.700000 0.392593 0.702778 0.391667 0.704630 0.374074 0.709259 0.379630 0.715741 0.379630 0.718519 0.383333 0.722222 0.383333 0.724074 0.380556 0.728704 0.381481 0.728704 0.375926 0.733333 0.377778 0.736111 0.360185 0.740741 0.362037 0.742593 0.358333 0.745370 0.358333 0.747222 0.362963 0.751852 0.359259 0.755556 0.362963 0.760185 0.358333 0.759259 0.353704 0.762037 0.340741 0.758333 0.335185 0.753704 0.333333 0.756481 0.331481 0.755556 0.329630 0.751852 0.331481 0.751852 0.325926 0.750000 0.324074 0.750000 0.321296 0.752778 0.319444 0.752778 0.309259 0.750926 0.306481 0.756481 0.302778 0.756481 0.284259 0.749074 0.275000 0.737963 0.274074 0.736111 0.270370 0.732407 0.273148 0.730556 0.270370 0.733333 0.267593 0.731481 0.267593 0.730556 0.270370 0.725926 0.270370 0.724074 0.274074 0.725000 0.280556 0.722222 0.277778 0.718519 0.277778 0.717593 0.274074 0.723148 0.272222 0.718519 0.267593 0.720370 0.265741 0.725000 0.267593 0.725926 0.262963 0.717593 0.254630 0.716667 0.250000 0.713889 0.254630 0.710185 0.255556 0.714815 0.259259 0.711111 0.262037 0.711111 0.264815 0.714815 0.267593 0.710185 0.270370 0.705556 0.268519 0.700926 0.270370 0.694444 0.267593 0.700000 0.264815 0.699074 0.261111 0.693519 0.263889 0.685185 0.259259 0.681481 0.260185 0.680556 0.256481 0.667593 0.250000 0.662037 0.243519 0.658333 0.243519 0.655556 0.238889 0.647222 0.234259 0.634259 0.231481 0.630556 0.227778 0.626852 0.230556 0.624074 0.226852 0.618519 0.230556 0.616667 0.227778 0.612037 0.229630 0.609259 0.226852
5 0.759259 0.200926 0.759259 0.210185 0.772222 0.243519 0.775926 0.248148 0.787037 0.250926 0.814815 0.250926 0.834259 0.253704 0.850000 0.250000 0.855556 0.242593 0.856481 0.236111 0.850926 0.226852 0.843519 0.220370 0.830556 0.215741 0.825926 0.212037 0.768519 0.191667
5 0.747222 0.329630 0.743519 0.332407 0.743519 0.341667 0.749074 0.357407 0.752778 0.361111 0.751852 0.365741 0.753704 0.367593 0.748148 0.397222 0.750000 0.415741 0.758333 0.435185 0.763889 0.438889 0.771296 0.439815 0.781481 0.434259 0.812037 0.409259 0.820370 0.392593 0.819444 0.372222 0.812037 0.359259 0.804630 0.352778 0.753704 0.336111
5 0.426852 0.278704 0.423148 0.282407 0.421296 0.289815 0.423148 0.294444 0.423148 0.311111 0.425926 0.318519 0.436111 0.333333 0.444444 0.354630 0.452778 0.402778 0.454630 0.404630 0.463889 0.404630 0.491667 0.396296 0.532407 0.393519 0.529630 0.385185 0.521296 0.380556 0.521296 0.376852 0.515741 0.367593 0.509259 0.361111 0.500926 0.347222 0.490741 0.321296 0.483333 0.313889 0.472222 0.289815 0.467593 0.285185 0.456481 0.265741 0.450926 0.265741
6 0.128704 0.670370 0.128704 0.675926 0.131481 0.677778 0.129630 0.680556 0.130556 0.689815 0.140741 0.701852 0.142593 0.710185 0.149074 0.715741 0.150926 0.722222 0.156481 0.725000 0.154630 0.728704 0.165741 0.731481 0.168519 0.737963 0.179630 0.738889 0.187963 0.732407 0.198148 0.728704 0.249074 0.725926 0.253704 0.723148 0.283333 0.716667 0.288889 0.713889 0.290741 0.710185 0.285185 0.699074 0.288889 0.683333 0.288889 0.665741 0.287037 0.662963 0.285185 0.637963 0.280556 0.623148 0.276852 0.618519 0.274074 0.618519 0.271296 0.623148 0.253704 0.620370 0.249074 0.612963 0.249074 0.605556 0.247222 0.603704 0.239815 0.604630 0.235185 0.600926 0.225000 0.600926 0.223148 0.599074 0.208333 0.600000 0.203704 0.598148 0.193519 0.600926 0.185185 0.598148 0.181481 0.600000 0.177778 0.609259 0.172222 0.652778 0.168519 0.660185 0.161111 0.667593 0.154630 0.669444
6 0.670370 0.760185 0.663889 0.762037 0.653704 0.776852 0.637037 0.781481 0.636111 0.783333 0.632407 0.779630 0.620370 0.776852 0.612037 0.760185 0.612963 0.754630 0.610185 0.745370 0.612037 0.737963 0.609259 0.728704 0.611111 0.725000 0.610185 0.704630 0.607407 0.702778 0.594444 0.704630 0.591667 0.692593 0.580556 0.691667 0.577778 0.701852 0.588889 0.702778 0.593519 0.705556 0.593519 0.712963 0.590741 0.715741 0.585185 0.712963 0.588889 0.708333 0.586111 0.708333 0.585185 0.711111 0.575000 0.703704 0.574074 0.706481 0.567593 0.707407 0.571296 0.712963 0.561111 0.717593 0.560185 0.723148 0.556481 0.724074 0.557407 0.727778 0.555556 0.729630 0.548148 0.730556 0.545370 0.733333 0.533333 0.731481 0.525926 0.735185 0.512037 0.735185 0.510185 0.737037 0.505556 0.735185 0.500926 0.737037 0.496296 0.743519 0.495370 0.739815 0.492593 0.739815 0.496296 0.743519 0.490741 0.747222 0.488889 0.752778 0.494444 0.757407 0.510185 0.756481 0.512037 0.754630 0.517593 0.757407 0.527778 0.755556 0.538889 0.757407 0.541667 0.760185 0.540741 0.763889 0.543519 0.766667 0.544444 0.773148 0.549074 0.775000 0.545370 0.776852 0.546296 0.790741 0.544444 0.792593 0.543519 0.805556 0.540741 0.809259 0.542593 0.815741 0.538889 0.817593 0.537037 0.823148 0.525000 0.825000 0.524074 0.826852 0.527778 0.829630 0.525926 0.832407 0.516667 0.833333 0.509259 0.838889 0.506481 0.837037 0.501852 0.838889 0.500000 0.837037 0.498148 0.829630 0.501852 0.825000 0.494444 0.822222 0.491667 0.823148 0.491667 0.827778 0.497222 0.829630 0.491667 0.834259 0.493519 0.837963 0.492593 0.842593 0.496296 0.845370 0.496296 0.853704 0.493519 0.857407 0.494444 0.861111 0.492593 0.864815 0.483333 0.874074 0.465741 0.877778 0.425926 0.877778 0.412963 0.881481 0.396296 0.882407 0.391667 0.880556 0.380556 0.883333 0.375926 0.882407 0.367593 0.884259 0.364815 0.887037 0.360185 0.886111 0.360185 0.889815 0.364815 0.892593 0.369444 0.891667 0.375000 0.893519 0.375926 0.896296 0.380556 0.895370 0.390741 0.900926 0.413889 0.904630 0.463889 0.909259 0.472222 0.907407 0.498148 0.910185 0.501852 0.907407 0.530556 0.908333 0.580556 0.904630 0.643519 0.887963 0.655556 0.882407 0.658333 0.877778 0.676852 0.873148 0.680556 0.865741 0.679630 0.810185 0.677778 0.807407 0.677778 0.797222 0.674074 0.791667 0.675000 0.785185 0.673148 0.783333 0.674074 0.777778 0.672222 0.775000
