0 0.456062 0.328386 0.571746 0.328386 0.571746 0.502783 0.456062 0.502783
0 0.378198 0.371058 0.489433 0.371058 0.489433 0.564007 0.378198 0.564007
0 0.460512 0.502783 0.567297 0.502783 0.567297 0.623377 0.460512 0.623377
1 0.167964 0.324675 0.355951 0.324675 0.355951 0.506494 0.167964 0.506494
1 0.260289 0.471243 0.431591 0.471243 0.431591 0.705009 0.260289 0.705009
1 0.608454 0.439703 0.784205 0.439703 0.784205 0.664193 0.608454 0.664193
1 0.325918 0.163265 0.503893 0.163265 0.503893 0.337662 0.325918 0.337662
5 0.609566 0.339518 0.754171 0.339518 0.754171 0.435993 0.609566 0.435993
5 0.486096 0.243043 0.607341 0.243043 0.607341 0.411874 0.486096 0.411874
5 0.467186 0.662338 0.592881 0.662338 0.592881 0.833024 0.467186 0.833024
5 0.750834 0.628942 0.775306 0.628942 0.775306 0.686456 0.750834 0.686456
5 0.159066 0.500928 0.561735 0.500928 0.561735 0.823748 0.159066 0.823748
5 0.600667 0.717996 0.739711 0.717996 0.739711 0.818182 0.600667 0.818182
6 0.192436 0.191095 0.350389 0.191095 0.350389 0.335807 0.192436 0.335807
6 0.477197 0.181818 0.724138 0.181818 0.724138 0.356215 0.477197 0.356215
6 0.691880 0.395176 0.790879 0.395176 0.790879 0.526902 0.691880 0.526902
0 0.461624 0.376623 0.456062 0.393321 0.456062 0.400742 0.468298 0.426716 0.483871 0.450835 0.490545 0.487941 0.494994 0.499072 0.500556 0.502783 0.539488 0.502783 0.560623 0.495362 0.568409 0.486085 0.571746 0.461967 0.567297 0.426716 0.567297 0.404453 0.561735 0.371058 0.552836 0.348794 0.528365 0.345083 0.516129 0.330241 0.500556 0.328386 0.492770 0.335807 0.488320 0.352505 0.469410 0.365492
0 0.422692 0.371058 0.412681 0.384045 0.412681 0.411874 0.382647 0.461967 0.379310 0.474954 0.378198 0.497217 0.381535 0.506494 0.410456 0.530612 0.434928 0.564007 0.442714 0.564007 0.462736 0.539889 0.476085 0.530612 0.489433 0.512059 0.489433 0.480519 0.482759 0.448980 0.470523 0.432282 0.467186 0.421150 0.449388 0.391466 0.436040 0.374768
0 0.461624 0.556586 0.460512 0.580705 0.464961 0.589981 0.478309 0.589981 0.499444 0.614100 0.516129 0.623377 0.537264 0.621521 0.560623 0.601113 0.567297 0.584416 0.567297 0.564007 0.562848 0.543599 0.530590 0.506494 0.523915 0.502783 0.499444 0.508349 0.468298 0.539889
1 0.355951 0.408163 0.351502 0.400742 0.300334 0.385900 0.296997 0.380334 0.298109 0.376623 0.308120 0.376623 0.337041 0.389610 0.348165 0.389610 0.350389 0.382189 0.341491 0.367347 0.312570 0.352505 0.304783 0.333952 0.285873 0.324675 0.258065 0.328386 0.240267 0.335807 0.190211 0.339518 0.181313 0.345083 0.172414 0.358071 0.167964 0.380334 0.169077 0.406308 0.172414 0.417440 0.203560 0.482375 0.221357 0.495362 0.244716 0.500928 0.252503 0.506494 0.339266 0.467532 0.351502 0.445269
1 0.290323 0.497217 0.281424 0.510204 0.266963 0.545455 0.260289 0.593692 0.260289 0.619666 0.264739 0.634508 0.266963 0.658627 0.270300 0.666048 0.314794 0.701299 0.328142 0.705009 0.373749 0.705009 0.382647 0.699443 0.388209 0.690167 0.390434 0.679035 0.388209 0.664193 0.388209 0.641929 0.390434 0.636364 0.419355 0.614100 0.431591 0.593692 0.429366 0.558442 0.412681 0.534323 0.378198 0.506494 0.373749 0.493506 0.373749 0.476809 0.371524 0.473098 0.345940 0.471243 0.305895 0.486085
1 0.610679 0.471243 0.608454 0.497217 0.617353 0.532468 0.625139 0.552876 0.656285 0.602968 0.672970 0.615955 0.699666 0.627087 0.726363 0.654917 0.740823 0.664193 0.756396 0.656772 0.778643 0.623377 0.784205 0.599258 0.784205 0.575139 0.777531 0.530612 0.771969 0.523191 0.753059 0.513915 0.720801 0.484230 0.703003 0.452690 0.681869 0.439703 0.665184 0.439703 0.659622 0.443414 0.638487 0.439703 0.619577 0.452690
1 0.327030 0.211503 0.325918 0.226345 0.341491 0.246753 0.369299 0.304267 0.385984 0.330241 0.420467 0.330241 0.431591 0.320965 0.438265 0.320965 0.471635 0.335807 0.487208 0.337662 0.497219 0.322820 0.483871 0.298701 0.483871 0.287570 0.503893 0.254174 0.503893 0.233766 0.500556 0.220779 0.489433 0.202226 0.466073 0.179963 0.434928 0.165121 0.385984 0.163265 0.353726 0.178108 0.335929 0.194805
5 0.609566 0.400742 0.630701 0.435993 0.696329 0.435993 0.731924 0.421150 0.751947 0.397032 0.754171 0.380334 0.749722 0.365492 0.743048 0.358071 0.727475 0.354360 0.701891 0.356215 0.678532 0.339518 0.671858 0.339518 0.669633 0.350649 0.666296 0.354360 0.640712 0.354360 0.618465 0.363636 0.609566 0.385900
5 0.486096 0.285714 0.486096 0.304267 0.497219 0.311688 0.500556 0.322820 0.513904 0.328386 0.526140 0.343228 0.552836 0.345083 0.562848 0.369202 0.563960 0.384045 0.569522 0.397032 0.569522 0.404453 0.573971 0.410019 0.581758 0.411874 0.607341 0.395176 0.607341 0.384045 0.592881 0.363636 0.587319 0.346939 0.587319 0.337662 0.590656 0.330241 0.593993 0.332096 0.595106 0.343228 0.597330 0.343228 0.598443 0.333952 0.593993 0.330241 0.598443 0.328386 0.598443 0.324675 0.592881 0.319109 0.592881 0.313544 0.580645 0.307978 0.579533 0.293135 0.569522 0.282004 0.558398 0.278293 0.545050 0.265306 0.533927 0.263451 0.525028 0.254174 0.521691 0.244898 0.515017 0.243043 0.509455 0.244898
5 0.577308 0.666048 0.573971 0.662338 0.565072 0.664193 0.547275 0.679035 0.547275 0.693878 0.560623 0.747681 0.568409 0.764378 0.566185 0.769944 0.547275 0.781076 0.505006 0.795918 0.470523 0.820037 0.467186 0.827458 0.472747 0.831169 0.498331 0.833024 0.512792 0.827458 0.539488 0.825603 0.570634 0.812616 0.585095 0.801484 0.592881 0.784787 0.592881 0.751391 0.589544 0.717996
5 0.775306 0.628942 0.766407 0.636364 0.764182 0.662338 0.750834 0.677180 0.750834 0.686456 0.759733 0.686456 0.771969 0.656772
5 0.159066 0.530612 0.164627 0.558442 0.175751 0.591837 0.200222 0.643785 0.243604 0.703154 0.278087 0.738404 0.319244 0.769944 0.395996 0.810761 0.447164 0.823748 0.467186 0.823748 0.479422 0.814471 0.489433 0.812616 0.502781 0.797774 0.542825 0.781076 0.559511 0.779221 0.561735 0.773655 0.561735 0.747681 0.548387 0.692022 0.548387 0.675325 0.560623 0.667904 0.560623 0.664193 0.557286 0.660482 0.551724 0.664193 0.547275 0.658627 0.552836 0.651206 0.548387 0.643785 0.550612 0.638219 0.547275 0.634508 0.549499 0.632653 0.547275 0.627087 0.552836 0.627087 0.557286 0.621521 0.547275 0.619666 0.541713 0.621521 0.540601 0.627087 0.527253 0.628942 0.509455 0.627087 0.483871 0.602968 0.462736 0.602968 0.460512 0.593692 0.450501 0.578850 0.443826 0.582560 0.420467 0.617811 0.403782 0.632653 0.399333 0.632653 0.391546 0.645640 0.390434 0.664193 0.392659 0.682746 0.390434 0.692022 0.382647 0.703154 0.365962 0.710575 0.322581 0.706865 0.281424 0.679035 0.266963 0.660482 0.264739 0.630798 0.260289 0.621521 0.260289 0.588126 0.263626 0.580705 0.261402 0.573284 0.264739 0.565863 0.263626 0.558442 0.268076 0.538033 0.264739 0.515770 0.255840 0.517625 0.246941 0.528757 0.235818 0.528757 0.205784 0.519481 0.201335 0.512059 0.192436 0.510204 0.185762 0.500928 0.161290 0.500928
5 0.739711 0.717996 0.731924 0.719852 0.721913 0.732839 0.701891 0.743970 0.695217 0.753247 0.658509 0.777365 0.607341 0.799629 0.601780 0.805195 0.600667 0.812616 0.604004 0.818182 0.612903 0.818182 0.661846 0.795918 0.718576 0.749536 0.734149 0.730983
6 0.335929 0.191095 0.318131 0.196660 0.258065 0.243043 0.212458 0.291280 0.192436 0.332096 0.233593 0.335807 0.274750 0.320965 0.295884 0.322820 0.303671 0.326531 0.310345 0.335807 0.348165 0.330241 0.350389 0.326531 0.349277 0.320965 0.345940 0.328386 0.341491 0.320965 0.340378 0.306122 0.334816 0.300557 0.335929 0.296846 0.342603 0.298701 0.344828 0.293135 0.327030 0.270872 0.315907 0.243043 0.315907 0.233766 0.322581 0.226345
6 0.477197 0.181818 0.478309 0.187384 0.487208 0.194805 0.497219 0.211503 0.508343 0.246753 0.499444 0.267161 0.492770 0.270872 0.489433 0.282004 0.491657 0.291280 0.489433 0.294991 0.483871 0.293135 0.487208 0.300557 0.491657 0.300557 0.494994 0.306122 0.493882 0.311688 0.502781 0.311688 0.506118 0.307978 0.502781 0.304267 0.506118 0.296846 0.501669 0.296846 0.500556 0.283859 0.503893 0.280148 0.506118 0.283859 0.503893 0.280148 0.506118 0.276438 0.505006 0.272727 0.510567 0.272727 0.507230 0.269017 0.509455 0.265306 0.513904 0.269017 0.516129 0.257885 0.519466 0.256030 0.528365 0.267161 0.533927 0.267161 0.545050 0.276438 0.548387 0.274583 0.553949 0.280148 0.552836 0.283859 0.560623 0.285714 0.559511 0.291280 0.563960 0.287570 0.575083 0.300557 0.575083 0.315399 0.588432 0.348794 0.605117 0.343228 0.602892 0.337662 0.604004 0.332096 0.596218 0.320965 0.598443 0.306122 0.615128 0.306122 0.622914 0.315399 0.628476 0.311688 0.644049 0.317254 0.650723 0.322820 0.652948 0.330241 0.658509 0.328386 0.665184 0.337662 0.677419 0.339518 0.704116 0.356215 0.721913 0.354360 0.724138 0.350649 0.721913 0.341373 0.697442 0.317254 0.690768 0.302412 0.685206 0.304267 0.680756 0.300557 0.685206 0.293135 0.674082 0.283859 0.674082 0.278293 0.657397 0.269017 0.658509 0.263451 0.642937 0.252319 0.642937 0.246753 0.639600 0.248609 0.638487 0.244898 0.622914 0.237477 0.622914 0.230056 0.612903 0.222635 0.607341 0.226345 0.592881 0.211503 0.571746 0.209647 0.558398 0.198516 0.538376 0.194805 0.515017 0.181818
6 0.691880 0.437848 0.706340 0.456401 0.720801 0.482375 0.744160 0.506494 0.761958 0.517625 0.771969 0.519481 0.777531 0.526902 0.787542 0.526902 0.786429 0.521336 0.790879 0.512059 0.783092 0.493506 0.781980 0.473098 0.777531 0.458256 0.779755 0.454545 0.775306 0.454545 0.769744 0.443414 0.768632 0.434137 0.765295 0.430427 0.767519 0.426716 0.757508 0.415584 0.757508 0.406308 0.753059 0.395176 0.750834 0.395176 0.753059 0.402597 0.738598 0.406308 0.725250 0.421150 0.707453 0.423006 0.709677 0.428571 0.706340 0.434137 0.697442 0.439703
