1 0.188151 0.323242 0.294271 0.323242 0.294271 0.371582 0.188151 0.371582
1 0.464193 0.231934 0.550130 0.231934 0.550130 0.448730 0.464193 0.448730
1 0.447917 0.281250 0.517578 0.281250 0.517578 0.504395 0.447917 0.504395
1 0.632812 0.462402 0.687500 0.462402 0.687500 0.512207 0.632812 0.512207
1 0.138672 0.412598 0.382812 0.412598 0.382812 0.474121 0.138672 0.474121
1 0.157552 0.393066 0.378906 0.393066 0.378906 0.425781 0.157552 0.425781
1 0.290365 0.334961 0.444661 0.334961 0.444661 0.370605 0.290365 0.370605
1 0.223307 0.485840 0.327474 0.485840 0.327474 0.641113 0.223307 0.641113
1 0.513021 0.492188 0.554036 0.492188 0.554036 0.558105 0.513021 0.558105
1 0.372396 0.371094 0.430339 0.371094 0.430339 0.574219 0.372396 0.574219
1 0.284505 0.479492 0.489583 0.479492 0.489583 0.701172 0.284505 0.701172
1 0.290365 0.652832 0.489583 0.652832 0.489583 0.761230 0.290365 0.761230
1 0.327474 0.714844 0.590495 0.714844 0.590495 0.803711 0.327474 0.803711
1 0.485677 0.650391 0.552734 0.650391 0.552734 0.760742 0.485677 0.760742
1 0.516276 0.544922 0.635417 0.544922 0.635417 0.733887 0.516276 0.733887
1 0.493490 0.565430 0.610677 0.565430 0.610677 0.747070 0.493490 0.747070
1 0.432943 0.498535 0.513672 0.498535 0.513672 0.571289 0.432943 0.571289
1 0.420573 0.432129 0.467448 0.432129 0.467448 0.498047 0.420573 0.498047
1 0.419271 0.576172 0.489583 0.576172 0.489583 0.621582 0.419271 0.621582
1 0.439453 0.605957 0.514974 0.605957 0.514974 0.649414 0.439453 0.649414
1 0.279297 0.529785 0.330078 0.529785 0.330078 0.594727 0.279297 0.594727
1 0.311849 0.576660 0.382161 0.576660 0.382161 0.663574 0.311849 0.663574
1 0.383464 0.632324 0.447266 0.632324 0.447266 0.690918 0.383464 0.690918
1 0.333333 0.565430 0.394531 0.565430 0.394531 0.637207 0.333333 0.637207
5 0.188151 0.157227 0.460938 0.157227 0.460938 0.337891 0.188151 0.337891
5 0.602865 0.554688 0.796224 0.554688 0.796224 0.688477 0.602865 0.688477
5 0.652344 0.587402 0.869792 0.587402 0.869792 0.732422 0.652344 0.732422
5 0.602865 0.554199 0.826172 0.554199 0.826172 0.719727 0.602865 0.719727
1 0.291667 0.326172 0.283203 0.323242 0.266927 0.324219 0.251953 0.328125 0.246094 0.331055 0.227865 0.336914 0.205729 0.348633 0.194661 0.356934 0.188802 0.363281 0.188151 0.370117 0.192708 0.371582 0.209635 0.371094 0.212891 0.369629 0.223958 0.368652 0.282552 0.356934 0.287109 0.354492 0.293620 0.344727 0.294271 0.335938
1 0.477214 0.231934 0.469401 0.234375 0.466146 0.236816 0.464193 0.241211 0.464193 0.249512 0.470052 0.270508 0.473307 0.275391 0.479818 0.291992 0.494792 0.365234 0.499349 0.377441 0.501302 0.390625 0.507161 0.409180 0.513021 0.436035 0.516276 0.443848 0.520182 0.447754 0.524089 0.448730 0.531250 0.448242 0.539062 0.446289 0.548177 0.439941 0.550130 0.435059 0.549479 0.426758 0.539714 0.398438 0.538411 0.387207 0.530599 0.362793 0.529297 0.353027 0.498698 0.252441 0.490234 0.235840 0.485677 0.232422
1 0.469401 0.281250 0.465495 0.283203 0.463542 0.287109 0.465495 0.306152 0.459635 0.317871 0.455078 0.322266 0.447917 0.334473 0.447917 0.346191 0.464844 0.395996 0.468099 0.411621 0.468099 0.417969 0.473307 0.437988 0.475260 0.457031 0.475260 0.479004 0.479167 0.494141 0.482422 0.499512 0.487630 0.502441 0.509766 0.504395 0.515625 0.498047 0.517578 0.491211 0.515625 0.446289 0.505859 0.403320 0.502604 0.395996 0.498047 0.372070 0.485677 0.337891 0.483073 0.311523 0.479167 0.294922 0.476562 0.291504 0.474609 0.283203
1 0.636719 0.462402 0.634115 0.464355 0.632812 0.467773 0.632812 0.479004 0.638672 0.499023 0.643229 0.506348 0.650391 0.510742 0.656250 0.512207 0.662109 0.512207 0.677734 0.508301 0.684245 0.505371 0.687500 0.502441 0.687500 0.497559 0.679036 0.485840 0.661458 0.472656 0.642578 0.462402
1 0.138672 0.427734 0.138672 0.436035 0.141927 0.439941 0.150391 0.443848 0.173177 0.450195 0.231771 0.462402 0.274740 0.466797 0.279297 0.468262 0.290365 0.468750 0.309896 0.472168 0.339844 0.474121 0.356771 0.473145 0.373047 0.467285 0.381510 0.459961 0.382812 0.454590 0.380208 0.452637 0.370443 0.449707 0.363281 0.450195 0.357422 0.448730 0.347005 0.448730 0.342448 0.446777 0.333333 0.446289 0.325521 0.444336 0.289714 0.441406 0.272786 0.438965 0.268880 0.437500 0.236328 0.434570 0.222005 0.430664 0.217448 0.427734 0.209635 0.425293 0.174479 0.417969 0.158203 0.412598 0.151042 0.413086 0.144531 0.416504 0.141276 0.419922
1 0.157552 0.403320 0.160807 0.408691 0.165365 0.412109 0.168620 0.412598 0.174479 0.416016 0.196615 0.420898 0.216146 0.421875 0.223958 0.423340 0.232422 0.422363 0.238932 0.423340 0.275391 0.423340 0.286458 0.424805 0.357422 0.425781 0.360026 0.424805 0.373698 0.424805 0.378906 0.420410 0.378255 0.411621 0.373698 0.400391 0.371745 0.399414 0.364583 0.399902 0.352865 0.397949 0.292969 0.395508 0.212891 0.396484 0.167969 0.393066 0.161458 0.396973 0.158203 0.400391
1 0.290365 0.356934 0.291667 0.358398 0.301432 0.361816 0.326172 0.363770 0.329427 0.365234 0.348958 0.366211 0.368490 0.370605 0.391276 0.369141 0.404297 0.370117 0.421224 0.365723 0.437500 0.358398 0.444010 0.351562 0.444661 0.343750 0.440104 0.340332 0.393229 0.340820 0.389974 0.339844 0.368490 0.339355 0.366536 0.338379 0.353516 0.338379 0.350911 0.337402 0.313151 0.334961 0.305339 0.336426 0.302083 0.338379 0.295573 0.345703
1 0.234375 0.488770 0.227214 0.493164 0.224609 0.496582 0.223307 0.506836 0.235026 0.552734 0.249349 0.579102 0.250651 0.583984 0.256510 0.591309 0.260417 0.600098 0.282552 0.630859 0.291667 0.638184 0.296875 0.640625 0.308594 0.641113 0.313151 0.640137 0.319661 0.637207 0.325521 0.632324 0.327474 0.627930 0.326823 0.624023 0.310547 0.597168 0.307292 0.595703 0.291667 0.593750 0.281901 0.586426 0.279948 0.580566 0.281901 0.547363 0.274089 0.526855 0.272786 0.517090 0.268229 0.507324 0.264323 0.493652 0.261719 0.489746 0.256510 0.486328 0.251302 0.485840
1 0.524740 0.492188 0.521484 0.493164 0.518229 0.496094 0.513672 0.504395 0.513021 0.508301 0.517578 0.542969 0.520182 0.545410 0.532552 0.544922 0.535156 0.545898 0.544922 0.553223 0.548177 0.557129 0.552734 0.558105 0.554036 0.557129 0.553385 0.546387 0.548177 0.525391 0.545573 0.501465 0.537109 0.493164
1 0.376302 0.371094 0.373698 0.373047 0.372396 0.376465 0.374349 0.394043 0.379557 0.408203 0.384115 0.429199 0.388672 0.440430 0.395182 0.463867 0.399740 0.490723 0.399740 0.507324 0.394531 0.554688 0.400391 0.565430 0.406901 0.571777 0.412109 0.574219 0.416667 0.574219 0.421875 0.568848 0.427083 0.537598 0.429688 0.530762 0.430339 0.504395 0.428385 0.480469 0.425781 0.473145 0.419271 0.436035 0.408854 0.402832 0.402995 0.376953 0.399089 0.372559 0.394531 0.371094
1 0.290365 0.480469 0.286458 0.483887 0.284505 0.487793 0.285156 0.497559 0.298177 0.518555 0.304036 0.523438 0.307292 0.528320 0.319661 0.538574 0.329427 0.552734 0.344401 0.567383 0.350260 0.571289 0.352865 0.575684 0.358073 0.579590 0.360026 0.583496 0.365885 0.588379 0.368490 0.592773 0.373698 0.596191 0.375000 0.599609 0.381510 0.604492 0.399740 0.627930 0.412109 0.637695 0.416016 0.643066 0.433594 0.660156 0.439453 0.668457 0.444661 0.673340 0.446615 0.678223 0.452474 0.685547 0.462240 0.694824 0.470052 0.700195 0.477865 0.701172 0.483073 0.699707 0.486328 0.696289 0.489583 0.688477 0.489583 0.682617 0.483073 0.663574 0.459635 0.633789 0.455078 0.630859 0.451823 0.625000 0.429036 0.599609 0.412760 0.577148 0.399740 0.566406 0.393229 0.557129 0.371745 0.536133 0.349609 0.510254 0.332031 0.494141 0.313802 0.482422 0.301432 0.479492
1 0.294271 0.658691 0.290365 0.668457 0.290365 0.685059 0.296224 0.693848 0.307292 0.701172 0.337240 0.716797 0.349609 0.720215 0.364583 0.726562 0.376953 0.733398 0.402995 0.742188 0.408203 0.746094 0.434245 0.754395 0.439453 0.757812 0.454427 0.761230 0.458984 0.760742 0.470703 0.755371 0.481120 0.748535 0.484375 0.742188 0.486979 0.740234 0.489583 0.733398 0.488932 0.730957 0.485026 0.728027 0.485026 0.725098 0.479167 0.721680 0.475260 0.722656 0.475260 0.725586 0.477865 0.728516 0.473958 0.729980 0.469401 0.728027 0.473307 0.725586 0.473307 0.723633 0.468750 0.721191 0.472005 0.717773 0.471354 0.716309 0.462240 0.716797 0.463542 0.720703 0.460286 0.722168 0.458984 0.726074 0.455729 0.722656 0.446615 0.721191 0.445312 0.719727 0.449870 0.716309 0.445964 0.715820 0.443359 0.718262 0.436849 0.712891 0.439453 0.709473 0.437500 0.706055 0.439453 0.701660 0.432943 0.699219 0.429688 0.699219 0.427083 0.703613 0.425781 0.698242 0.421224 0.696777 0.419922 0.692871 0.414062 0.691406 0.412109 0.688965 0.408854 0.689453 0.401693 0.684570 0.399089 0.684570 0.396484 0.688477 0.384766 0.686035 0.382161 0.687988 0.377604 0.687988 0.373047 0.690430 0.371094 0.688477 0.375000 0.680664 0.378255 0.678711 0.378255 0.676270 0.375651 0.674316 0.375000 0.670410 0.373047 0.668945 0.367839 0.667969 0.364583 0.671387 0.363281 0.666992 0.356771 0.664551 0.352214 0.668457 0.351562 0.671387 0.348958 0.672363 0.346354 0.669922 0.346354 0.661133 0.343750 0.661133 0.341797 0.659668 0.337240 0.659668 0.334635 0.658203 0.329427 0.658691 0.317057 0.656738 0.311198 0.652832 0.298828 0.653809
1 0.327474 0.720703 0.329427 0.725586 0.376302 0.755859 0.416667 0.771484 0.440104 0.778809 0.516276 0.796387 0.533203 0.801758 0.543620 0.803711 0.565104 0.803223 0.584635 0.799805 0.590495 0.794434 0.590495 0.787109 0.587240 0.781738 0.576823 0.774902 0.570964 0.773926 0.560547 0.769531 0.537760 0.763184 0.522135 0.761719 0.514323 0.757812 0.498047 0.753418 0.483724 0.750977 0.477865 0.751465 0.467448 0.758789 0.458984 0.762207 0.447266 0.761230 0.431641 0.755371 0.427083 0.752441 0.416016 0.749512 0.396484 0.740234 0.385417 0.736816 0.333984 0.714844 0.329427 0.714844
1 0.500651 0.650391 0.490885 0.653809 0.485677 0.660156 0.486328 0.667969 0.490885 0.681641 0.492839 0.693848 0.516927 0.751465 0.527344 0.759277 0.532552 0.760742 0.537760 0.760742 0.548828 0.749023 0.552083 0.741699 0.552734 0.734375 0.548828 0.719727 0.538411 0.697266 0.534505 0.692383 0.520833 0.665527 0.510417 0.653320 0.505208 0.650391
1 0.524740 0.544922 0.520182 0.546875 0.517578 0.550293 0.516276 0.554688 0.516276 0.565918 0.518880 0.575684 0.534505 0.608398 0.564453 0.660645 0.569661 0.666016 0.575521 0.675781 0.581380 0.681641 0.583984 0.689941 0.591797 0.702637 0.594401 0.710449 0.601562 0.719238 0.603516 0.724121 0.610677 0.731934 0.614583 0.733887 0.627604 0.732422 0.635417 0.728027 0.635417 0.724121 0.609375 0.700195 0.607422 0.695801 0.593750 0.680176 0.587240 0.666504 0.582682 0.647949 0.580729 0.615723 0.576823 0.604492 0.569661 0.591797 0.561198 0.572266 0.553385 0.560547 0.548828 0.557129 0.544922 0.551758 0.541016 0.550781 0.533203 0.545410
1 0.510417 0.565430 0.501302 0.570801 0.494141 0.581055 0.493490 0.593750 0.498047 0.602539 0.500000 0.612305 0.512370 0.635254 0.516276 0.646973 0.529948 0.666016 0.531901 0.672363 0.538411 0.681152 0.539714 0.686035 0.542969 0.689453 0.547526 0.699707 0.561849 0.718262 0.564453 0.724121 0.569010 0.728027 0.572266 0.733398 0.576823 0.736816 0.579427 0.741211 0.583984 0.744629 0.590495 0.747070 0.596354 0.746582 0.608073 0.740234 0.610677 0.733887 0.608724 0.722168 0.597656 0.714355 0.593750 0.707520 0.592448 0.701660 0.587891 0.698242 0.583984 0.692383 0.583984 0.689941 0.580729 0.690918 0.579427 0.689453 0.577474 0.682129 0.572266 0.677246 0.570964 0.672363 0.567708 0.668945 0.567708 0.666016 0.561198 0.654785 0.560547 0.650391 0.548828 0.634766 0.546875 0.629395 0.531250 0.603027 0.530599 0.599609 0.523438 0.587402 0.522135 0.582031 0.516276 0.573242 0.514323 0.565918
1 0.444010 0.499512 0.437500 0.503906 0.432943 0.511230 0.432943 0.518555 0.438802 0.530273 0.477214 0.561523 0.492839 0.570801 0.498698 0.571289 0.513021 0.560547 0.513672 0.553223 0.511068 0.548340 0.496094 0.532715 0.459635 0.500488 0.451172 0.498535
1 0.424479 0.433594 0.421875 0.435059 0.420573 0.437988 0.420573 0.445801 0.429688 0.482422 0.442708 0.495605 0.454427 0.498047 0.459635 0.498047 0.462891 0.494141 0.463542 0.487793 0.467448 0.485352 0.465495 0.481445 0.461589 0.479004 0.458333 0.454590 0.451823 0.440918 0.443359 0.434082 0.437500 0.432129 0.430990 0.432129
1 0.419922 0.579590 0.419271 0.583496 0.423177 0.591797 0.438151 0.608887 0.447266 0.616211 0.454427 0.619141 0.468099 0.621582 0.475260 0.621094 0.481120 0.618652 0.489583 0.607422 0.489583 0.602539 0.482422 0.594727 0.466797 0.590820 0.447917 0.582520 0.444010 0.579102 0.427083 0.576172 0.423177 0.577148
1 0.439453 0.605957 0.439453 0.607422 0.442708 0.608887 0.442708 0.611816 0.445312 0.613770 0.450521 0.623535 0.463542 0.638184 0.472005 0.645508 0.477865 0.647461 0.492188 0.649414 0.507161 0.648438 0.513021 0.645996 0.514974 0.642578 0.513672 0.635254 0.508464 0.626465 0.503255 0.622559 0.485677 0.621094 0.483073 0.619629 0.470703 0.620605 0.468099 0.619141 0.462891 0.619141 0.455729 0.615723 0.451823 0.609375 0.447266 0.609863 0.444661 0.607422
1 0.304688 0.529785 0.300130 0.530273 0.295573 0.533203 0.283854 0.551270 0.279297 0.571777 0.279948 0.580078 0.283203 0.587891 0.289714 0.592773 0.298828 0.594727 0.309245 0.593750 0.315104 0.588867 0.327474 0.573730 0.330078 0.561523 0.329427 0.555176 0.326172 0.547852 0.311198 0.532227
1 0.325521 0.577148 0.321615 0.579102 0.311849 0.592773 0.312500 0.599609 0.316406 0.606934 0.320312 0.610352 0.330078 0.628418 0.345052 0.647949 0.354167 0.655273 0.356771 0.655762 0.368490 0.663086 0.374349 0.663574 0.382161 0.654297 0.382161 0.642090 0.378906 0.635742 0.362630 0.616699 0.342448 0.586426 0.336589 0.579590 0.330729 0.576660
1 0.391276 0.634277 0.385417 0.638184 0.383464 0.642090 0.385417 0.653809 0.407552 0.682617 0.414714 0.686523 0.426432 0.690430 0.436849 0.690918 0.442708 0.689453 0.445312 0.687500 0.447266 0.683105 0.445964 0.676758 0.431641 0.658203 0.427083 0.655273 0.416016 0.643066 0.403646 0.633301 0.399089 0.632324
1 0.335286 0.565430 0.333333 0.567871 0.333984 0.576172 0.339193 0.579102 0.351562 0.602051 0.358073 0.610352 0.369792 0.619141 0.376302 0.630371 0.384115 0.637207 0.386068 0.637207 0.391927 0.633301 0.394531 0.628418 0.393880 0.623047 0.388672 0.611328 0.384766 0.608887 0.373698 0.595703 0.367839 0.591309 0.358073 0.579102 0.341146 0.565430
5 0.194661 0.231934 0.192057 0.236816 0.192057 0.242676 0.188151 0.252441 0.188151 0.258301 0.189453 0.262207 0.201823 0.280762 0.207682 0.286621 0.216797 0.290039 0.227865 0.289062 0.246745 0.290039 0.251302 0.292969 0.270182 0.296387 0.277995 0.299805 0.287760 0.307129 0.298828 0.318359 0.307943 0.321289 0.327474 0.321289 0.356771 0.331543 0.375651 0.336426 0.392578 0.337891 0.409505 0.337891 0.436849 0.334473 0.443359 0.332520 0.451823 0.323730 0.459635 0.312500 0.460938 0.304688 0.459635 0.261230 0.455078 0.248535 0.455078 0.245117 0.460286 0.237305 0.460938 0.231934 0.458984 0.222656 0.456380 0.218750 0.451172 0.214844 0.446615 0.214844 0.442708 0.216797 0.433594 0.216797 0.424479 0.212402 0.418620 0.206543 0.418620 0.200684 0.421224 0.196289 0.420573 0.185547 0.417969 0.181152 0.408203 0.172363 0.397135 0.170898 0.389323 0.164062 0.375651 0.162598 0.367188 0.157227 0.361979 0.157715 0.351562 0.169434 0.341146 0.176270 0.324219 0.180664 0.310547 0.181641 0.299479 0.179688 0.294922 0.177734 0.287760 0.170898 0.279948 0.168457 0.275391 0.167969 0.260417 0.173828 0.253906 0.180664 0.255859 0.197266 0.246745 0.207031 0.235677 0.209473 0.216146 0.223145 0.207682 0.227051 0.197266 0.229492
5 0.763672 0.570801 0.759766 0.569824 0.755859 0.566895 0.752604 0.566406 0.748698 0.562988 0.744792 0.562500 0.740234 0.560059 0.735026 0.560059 0.722005 0.556152 0.701823 0.554688 0.688151 0.555176 0.685547 0.556641 0.673828 0.557129 0.670573 0.560059 0.661458 0.559570 0.645833 0.562988 0.641276 0.564941 0.638672 0.568848 0.625651 0.578613 0.623047 0.584473 0.618490 0.586914 0.607422 0.606934 0.608073 0.616699 0.603516 0.621094 0.602865 0.640137 0.604167 0.642090 0.608073 0.643066 0.607422 0.655273 0.610026 0.658203 0.611328 0.666992 0.627604 0.685059 0.632161 0.685547 0.638672 0.683105 0.645833 0.683105 0.656250 0.678711 0.658203 0.675781 0.664714 0.672363 0.676432 0.670898 0.684896 0.671875 0.694010 0.678223 0.697917 0.686035 0.704427 0.688477 0.708984 0.688477 0.718099 0.685059 0.720052 0.680664 0.725260 0.677246 0.729167 0.671875 0.736979 0.669434 0.745443 0.665039 0.765625 0.664062 0.771484 0.662109 0.777995 0.661621 0.794922 0.663086 0.796224 0.659180 0.796224 0.650391 0.794922 0.649414 0.781901 0.649414 0.780599 0.650391 0.780599 0.654785 0.776042 0.657227 0.767578 0.657227 0.765625 0.654785 0.766276 0.650391 0.761719 0.647949 0.755859 0.649414 0.752604 0.648438 0.748698 0.649414 0.740234 0.648926 0.733724 0.645996 0.732422 0.642578 0.722656 0.641113 0.719401 0.638184 0.719401 0.633301 0.721354 0.628906 0.729167 0.622559 0.733724 0.616699 0.736328 0.604004 0.742839 0.595703 0.752604 0.592285 0.764323 0.591797 0.778646 0.587891 0.777995 0.584473
5 0.856120 0.598145 0.852865 0.597656 0.851562 0.598633 0.852214 0.601074 0.856120 0.602539 0.856120 0.604492 0.854167 0.605957 0.852214 0.605957 0.849609 0.608398 0.847005 0.605957 0.844401 0.605957 0.841146 0.608398 0.840495 0.606445 0.837891 0.605469 0.835938 0.606934 0.835938 0.609375 0.833333 0.609863 0.830078 0.612793 0.828125 0.609863 0.823568 0.608887 0.822917 0.606934 0.821615 0.606934 0.822917 0.611328 0.821615 0.612305 0.815755 0.612305 0.813802 0.610840 0.813151 0.607910 0.805990 0.604004 0.805339 0.600586 0.798828 0.594238 0.793620 0.590820 0.786458 0.588379 0.777995 0.587402 0.774740 0.588867 0.763672 0.588867 0.752604 0.590332 0.748047 0.592773 0.739583 0.594238 0.734375 0.598145 0.731771 0.603516 0.732422 0.606934 0.728516 0.612793 0.725911 0.610352 0.720052 0.610840 0.716146 0.609863 0.714844 0.612793 0.710938 0.614258 0.710938 0.616699 0.714193 0.619141 0.710286 0.621094 0.710286 0.624512 0.713542 0.625488 0.714844 0.627441 0.710938 0.628906 0.708984 0.631836 0.707682 0.631348 0.707682 0.628906 0.709635 0.628418 0.708984 0.625977 0.703776 0.629883 0.704427 0.632812 0.707682 0.634277 0.703125 0.637695 0.703776 0.639648 0.712240 0.641113 0.714193 0.642578 0.712891 0.647461 0.714844 0.648926 0.714844 0.651367 0.711589 0.653320 0.711589 0.654785 0.720703 0.656738 0.723958 0.659180 0.728516 0.657715 0.729818 0.658691 0.727214 0.660645 0.727214 0.663086 0.730469 0.664551 0.730469 0.666504 0.724609 0.670898 0.720052 0.669434 0.715495 0.673828 0.718099 0.677246 0.715495 0.679199 0.713542 0.676758 0.711589 0.676758 0.711589 0.679199 0.714193 0.681152 0.712240 0.682617 0.710286 0.680664 0.708333 0.680664 0.707682 0.685059 0.703776 0.683594 0.703125 0.680176 0.705078 0.677246 0.702474 0.675781 0.701823 0.672852 0.699870 0.673340 0.698568 0.675781 0.696615 0.675293 0.694661 0.672363 0.688802 0.672363 0.686849 0.671387 0.674479 0.671387 0.669271 0.673828 0.670573 0.678223 0.667969 0.679199 0.667318 0.682129 0.664714 0.683105 0.663411 0.680176 0.660807 0.681152 0.660807 0.682617 0.663411 0.684082 0.663411 0.686035 0.660156 0.687012 0.659505 0.689941 0.658203 0.690918 0.656250 0.687500 0.652995 0.687500 0.652344 0.693359 0.653646 0.698242 0.655599 0.698242 0.658203 0.695312 0.660807 0.700195 0.662760 0.701172 0.662109 0.705078 0.665365 0.704102 0.677083 0.712402 0.682292 0.711914 0.685547 0.714844 0.690755 0.715820 0.692708 0.717773 0.692708 0.720703 0.694661 0.720215 0.696615 0.717285 0.700521 0.720703 0.704427 0.719727 0.706380 0.723633 0.708984 0.723633 0.711589 0.725586 0.714844 0.726074 0.716146 0.729980 0.718099 0.729980 0.719401 0.726562 0.721354 0.726074 0.723307 0.730469 0.725911 0.730469 0.728516 0.727539 0.731120 0.731445 0.736979 0.730957 0.742839 0.732422 0.751953 0.731934 0.751953 0.729004 0.753906 0.730957 0.757812 0.730957 0.760417 0.732422 0.761068 0.730469 0.763672 0.730957 0.764974 0.729980 0.765625 0.726562 0.768880 0.723633 0.772786 0.723145 0.775391 0.721191 0.776693 0.722656 0.782552 0.724121 0.789062 0.722168 0.791016 0.720215 0.794271 0.721680 0.796224 0.721191 0.800781 0.715820 0.804688 0.713379 0.802734 0.708984 0.806641 0.703613 0.809896 0.705566 0.815104 0.705078 0.813151 0.707520 0.813802 0.710449 0.815104 0.710449 0.815755 0.707520 0.819010 0.706543 0.822266 0.703125 0.828125 0.708008 0.828776 0.709961 0.830729 0.709961 0.832031 0.707031 0.841797 0.701660 0.844401 0.696777 0.851562 0.690918 0.854818 0.686035 0.854818 0.682129 0.862630 0.674316 0.863281 0.668457 0.867839 0.659180 0.867839 0.649414 0.869141 0.647949 0.869792 0.637695 0.867839 0.635254 0.869141 0.632812 0.865234 0.611816
5 0.651042 0.560547 0.640625 0.564453 0.624349 0.579590 0.617839 0.587402 0.607422 0.606445 0.605469 0.621094 0.602865 0.629395 0.602865 0.638672 0.604818 0.642090 0.606120 0.652832 0.612630 0.669434 0.619141 0.677734 0.641927 0.701172 0.650391 0.706055 0.673828 0.708984 0.677083 0.710938 0.684245 0.711914 0.692057 0.717773 0.706380 0.719238 0.722005 0.718750 0.733724 0.719727 0.736979 0.717773 0.740885 0.717773 0.743490 0.715820 0.747396 0.715820 0.749349 0.712402 0.753255 0.709961 0.762370 0.709473 0.771484 0.706543 0.775391 0.704102 0.779948 0.703613 0.790365 0.696777 0.795573 0.695312 0.802734 0.688965 0.810547 0.684570 0.811849 0.681641 0.817057 0.677734 0.817057 0.673828 0.820312 0.670410 0.819661 0.666504 0.823568 0.662598 0.825521 0.657715 0.824870 0.649902 0.826172 0.641113 0.823568 0.627930 0.796224 0.593262 0.791016 0.590332 0.784505 0.589355 0.781250 0.586914 0.778646 0.582031 0.763021 0.569824 0.748047 0.562012 0.737630 0.558594 0.712891 0.554688 0.694661 0.554199 0.673828 0.556152
