0 0.511068 0.551270 0.677734 0.551270 0.677734 0.659180 0.511068 0.659180
0 0.445312 0.433594 0.572266 0.433594 0.572266 0.510742 0.445312 0.510742
0 0.395182 0.337891 0.475260 0.337891 0.475260 0.383301 0.395182 0.383301
0 0.761719 0.475586 0.869141 0.475586 0.869141 0.558594 0.761719 0.558594
0 0.577474 0.723145 0.707031 0.723145 0.707031 0.814453 0.577474 0.814453
0 0.532552 0.643555 0.722656 0.643555 0.722656 0.731445 0.532552 0.731445
0 0.673177 0.579590 0.809245 0.579590 0.809245 0.643555 0.673177 0.643555
0 0.718750 0.665039 0.819010 0.665039 0.819010 0.714844 0.718750 0.714844
0 0.827474 0.533691 0.899089 0.533691 0.899089 0.608887 0.827474 0.608887
0 0.786458 0.595703 0.889323 0.595703 0.889323 0.675781 0.786458 0.675781
0 0.509115 0.352539 0.644531 0.352539 0.644531 0.432617 0.509115 0.432617
0 0.442057 0.235840 0.752604 0.235840 0.752604 0.358887 0.442057 0.358887
1 0.264323 0.295898 0.451823 0.295898 0.451823 0.731445 0.264323 0.731445
1 0.776042 0.369629 0.905599 0.369629 0.905599 0.515137 0.776042 0.515137
4 0.214844 0.493164 0.475911 0.493164 0.475911 0.974609 0.214844 0.974609
4 0.316406 0.676270 0.486328 0.676270 0.486328 1.000000 0.316406 1.000000
5 0.391276 0.516113 0.570964 0.516113 0.570964 0.643555 0.391276 0.643555
5 0.505859 0.445312 0.699870 0.445312 0.699870 0.562500 0.505859 0.562500
0 0.646484 0.564941 0.623047 0.556152 0.613932 0.554199 0.587891 0.551270 0.579427 0.551758 0.574219 0.564453 0.564453 0.572754 0.560547 0.578613 0.556641 0.580078 0.548177 0.586914 0.544922 0.592285 0.523438 0.606934 0.513021 0.617188 0.511068 0.621582 0.513021 0.629883 0.512370 0.637207 0.513021 0.642578 0.516276 0.644043 0.516276 0.646484 0.521484 0.649414 0.525391 0.649902 0.535156 0.653809 0.537109 0.657715 0.559245 0.659180 0.572917 0.658691 0.581380 0.656250 0.595703 0.658691 0.608073 0.658691 0.630859 0.655273 0.646484 0.648926 0.669922 0.627441 0.677734 0.612793 0.677734 0.608887 0.674479 0.602051 0.665365 0.594727 0.659505 0.592773 0.657552 0.590820 0.652995 0.573242
0 0.570964 0.438477 0.564453 0.435059 0.558594 0.434082 0.533854 0.433594 0.528646 0.435547 0.521484 0.435547 0.502604 0.438477 0.491536 0.445312 0.483073 0.446777 0.478516 0.449707 0.473958 0.450195 0.466146 0.454102 0.460286 0.455078 0.451823 0.462402 0.446615 0.472656 0.445312 0.485840 0.446615 0.498535 0.455729 0.502441 0.466797 0.503418 0.470703 0.506348 0.474609 0.503906 0.476562 0.504395 0.478516 0.510742 0.485677 0.510254 0.490234 0.505371 0.494792 0.506348 0.522135 0.492188 0.554036 0.468262 0.570312 0.451660 0.572266 0.447266 0.572266 0.440430
0 0.474609 0.340820 0.471354 0.337891 0.442708 0.342773 0.412109 0.354004 0.404948 0.359375 0.401042 0.360840 0.395833 0.360840 0.395182 0.362793 0.397135 0.364746 0.395833 0.371582 0.400391 0.379395 0.404297 0.380371 0.408203 0.383301 0.424479 0.381836 0.441406 0.372559 0.447917 0.367188 0.451823 0.366211 0.455729 0.362305 0.458984 0.361816 0.462240 0.358887 0.470052 0.355957 0.473307 0.353027 0.475260 0.348145
0 0.787109 0.475586 0.782552 0.478027 0.779297 0.482910 0.774740 0.486328 0.771484 0.491699 0.766927 0.495117 0.765625 0.498535 0.766927 0.501465 0.765625 0.507324 0.761719 0.509766 0.765625 0.520996 0.761719 0.523438 0.761719 0.526367 0.767578 0.533691 0.777344 0.540039 0.783854 0.549805 0.788411 0.553711 0.798177 0.557129 0.823568 0.558594 0.828776 0.557617 0.838542 0.552246 0.851562 0.540527 0.866536 0.530273 0.869141 0.522461 0.868490 0.517578 0.863281 0.512695 0.858724 0.505859 0.832682 0.490234 0.818359 0.484863 0.812500 0.483887 0.802083 0.478027 0.792318 0.475586
0 0.693359 0.733887 0.674479 0.730957 0.663411 0.726562 0.652995 0.724121 0.641276 0.723145 0.634766 0.725098 0.617839 0.738281 0.593750 0.739258 0.587240 0.740723 0.583333 0.743164 0.579427 0.748047 0.578125 0.766113 0.579427 0.778320 0.577474 0.782227 0.579427 0.789551 0.586589 0.795410 0.598307 0.799316 0.609375 0.811035 0.617188 0.814453 0.624349 0.814453 0.655599 0.807617 0.664714 0.808594 0.676432 0.808105 0.685547 0.805176 0.691406 0.799316 0.697266 0.788574 0.701823 0.784180 0.699870 0.778320 0.705078 0.770508 0.705078 0.763184 0.707031 0.758789 0.707031 0.755371 0.704427 0.750000
0 0.722656 0.693848 0.722005 0.688965 0.720052 0.686523 0.721354 0.673340 0.718099 0.665039 0.712240 0.663086 0.697917 0.660645 0.692057 0.660645 0.674479 0.653809 0.667969 0.645508 0.662109 0.643555 0.658203 0.644043 0.645182 0.651367 0.637370 0.654297 0.616536 0.659180 0.608073 0.660156 0.583333 0.659180 0.578776 0.660156 0.574870 0.662598 0.569010 0.663574 0.555339 0.663574 0.542318 0.665039 0.535807 0.668945 0.532552 0.674316 0.533203 0.681641 0.540365 0.689941 0.557292 0.701172 0.569661 0.707031 0.578125 0.709473 0.597005 0.712402 0.610677 0.717773 0.629557 0.719238 0.652344 0.723145 0.684896 0.731445 0.690755 0.729980 0.704427 0.717773 0.718099 0.701660
0 0.807943 0.588379 0.801432 0.583496 0.781901 0.579590 0.740234 0.579590 0.736328 0.583496 0.733724 0.599609 0.723958 0.609375 0.720703 0.609863 0.716146 0.614258 0.712891 0.614258 0.708333 0.616699 0.705078 0.614746 0.701172 0.614746 0.695312 0.611816 0.694661 0.606445 0.691406 0.607422 0.692057 0.611328 0.690104 0.612793 0.687500 0.610840 0.687500 0.607422 0.684896 0.606934 0.673828 0.622070 0.673177 0.626953 0.675781 0.629883 0.680339 0.631836 0.705078 0.638184 0.717448 0.638672 0.731771 0.641602 0.752604 0.641602 0.754557 0.643066 0.760417 0.642090 0.762370 0.643555 0.764323 0.643555 0.767578 0.641113 0.777995 0.641113 0.783854 0.638672 0.791016 0.629395 0.799479 0.609863 0.808594 0.595703 0.809245 0.591797
0 0.819010 0.672852 0.811198 0.669922 0.811198 0.665527 0.808594 0.665527 0.805990 0.667480 0.805339 0.670898 0.809245 0.674316 0.804688 0.676758 0.807292 0.682129 0.802083 0.686035 0.798177 0.682129 0.799479 0.676758 0.796875 0.671387 0.787760 0.671387 0.779948 0.665527 0.770182 0.666016 0.768229 0.666992 0.763672 0.665039 0.759766 0.666504 0.754557 0.665527 0.740885 0.667969 0.736328 0.669922 0.738281 0.675293 0.734375 0.676270 0.734375 0.678711 0.736979 0.679688 0.738281 0.676270 0.741536 0.675781 0.742188 0.678711 0.744792 0.679688 0.746094 0.676758 0.744792 0.675781 0.742188 0.676270 0.741536 0.674805 0.743490 0.672363 0.746094 0.672852 0.749349 0.677734 0.748047 0.681641 0.748698 0.685547 0.743490 0.685059 0.740234 0.687012 0.736979 0.686035 0.732422 0.686523 0.730469 0.684082 0.724609 0.682129 0.724609 0.685059 0.728516 0.688965 0.727214 0.696289 0.718750 0.704590 0.718750 0.709961 0.725260 0.711426 0.738932 0.710449 0.748047 0.708008 0.755208 0.708008 0.767578 0.712402 0.779297 0.712402 0.783203 0.714355 0.795573 0.714844 0.801432 0.711914 0.805339 0.707520 0.811198 0.694336 0.813151 0.681152 0.819010 0.675293
0 0.878906 0.533691 0.868490 0.533691 0.854167 0.539551 0.843750 0.548340 0.834635 0.559570 0.830729 0.562012 0.828125 0.567383 0.827474 0.578125 0.830078 0.586426 0.846354 0.602539 0.853516 0.606934 0.860677 0.608887 0.875000 0.607910 0.883464 0.603516 0.886068 0.599609 0.884115 0.584473 0.894531 0.576660 0.899089 0.570312 0.898438 0.564941 0.893880 0.558105 0.895833 0.548340 0.894531 0.541504 0.891927 0.538574
0 0.825521 0.595703 0.820964 0.597168 0.813151 0.602051 0.809245 0.609863 0.811849 0.615234 0.809896 0.617188 0.806641 0.613770 0.805339 0.614746 0.805339 0.618652 0.802734 0.621094 0.802734 0.624023 0.805339 0.626953 0.801432 0.630371 0.799479 0.630371 0.796875 0.632812 0.790365 0.635742 0.786458 0.644043 0.790365 0.647461 0.793620 0.647461 0.796224 0.642578 0.798828 0.640625 0.802083 0.639648 0.804036 0.641113 0.809896 0.641602 0.813151 0.645996 0.813802 0.649902 0.812500 0.654785 0.813802 0.655762 0.818359 0.654785 0.826823 0.657227 0.829427 0.659180 0.829427 0.662109 0.833984 0.661133 0.839193 0.666504 0.837240 0.668457 0.837240 0.670898 0.839193 0.671387 0.841146 0.668457 0.843099 0.668945 0.843099 0.670898 0.839844 0.672363 0.840495 0.675293 0.843099 0.675781 0.846354 0.672852 0.849609 0.673828 0.850911 0.671387 0.852865 0.671875 0.857422 0.668945 0.866536 0.666992 0.873698 0.663086 0.878255 0.663086 0.884766 0.661133 0.889323 0.652832 0.888672 0.644043 0.886068 0.637695 0.881510 0.633789 0.865234 0.632324 0.858724 0.628418 0.850911 0.621094 0.850911 0.616699 0.852214 0.615234 0.850911 0.609375 0.842448 0.608887 0.839193 0.604980 0.835938 0.605469 0.833984 0.607910 0.828776 0.604004 0.832031 0.599121
0 0.642578 0.366699 0.621094 0.364258 0.615234 0.365723 0.602214 0.364746 0.596354 0.363281 0.583333 0.355469 0.573568 0.353027 0.555990 0.352539 0.552734 0.354492 0.548177 0.354492 0.544271 0.356934 0.541016 0.356445 0.531250 0.359863 0.516276 0.372070 0.516276 0.376465 0.522786 0.384277 0.523438 0.391602 0.522135 0.397461 0.516276 0.406738 0.514974 0.411133 0.509115 0.418945 0.509766 0.423340 0.518229 0.427246 0.552083 0.432129 0.574219 0.432617 0.593099 0.428223 0.612630 0.419434 0.631510 0.405273 0.639974 0.393555 0.643880 0.382324 0.644531 0.369629
0 0.442057 0.290527 0.444661 0.295898 0.449870 0.299805 0.466797 0.306152 0.462891 0.311035 0.459635 0.318848 0.455729 0.322754 0.455078 0.327637 0.457031 0.331543 0.462240 0.334961 0.475260 0.335449 0.479167 0.338867 0.481771 0.346191 0.485026 0.347656 0.498698 0.347656 0.501302 0.345703 0.527995 0.342773 0.554036 0.344238 0.560547 0.341309 0.565104 0.341309 0.569010 0.338379 0.574870 0.336914 0.579427 0.338379 0.578776 0.341309 0.580078 0.341797 0.580729 0.338867 0.583984 0.336914 0.585938 0.338379 0.585938 0.342285 0.589844 0.343262 0.591797 0.346191 0.595703 0.343750 0.598958 0.346680 0.602214 0.344238 0.604167 0.344238 0.605469 0.347656 0.608073 0.348145 0.611328 0.344238 0.614583 0.347168 0.616536 0.347168 0.619792 0.344727 0.621094 0.346680 0.617839 0.348145 0.617839 0.351074 0.621745 0.352051 0.621094 0.354492 0.625651 0.358398 0.638672 0.357422 0.643880 0.358887 0.646484 0.357422 0.651693 0.357910 0.656901 0.356445 0.662760 0.353516 0.656250 0.346680 0.657552 0.344727 0.667969 0.344727 0.670573 0.347168 0.670573 0.349121 0.674479 0.350098 0.681641 0.345215 0.685547 0.345703 0.685547 0.342773 0.701172 0.334961 0.706380 0.330566 0.712240 0.322266 0.729167 0.310059 0.740234 0.303711 0.749349 0.296387 0.752604 0.290039 0.752604 0.284180 0.750000 0.280273 0.741536 0.274902 0.701823 0.265625 0.690755 0.257812 0.679036 0.251465 0.665365 0.247559 0.619792 0.238281 0.596354 0.235840 0.591797 0.236816 0.563802 0.235840 0.559245 0.237793 0.540365 0.238770 0.529948 0.242188 0.524740 0.242676 0.486979 0.255859 0.467448 0.266602 0.453125 0.276367
1 0.409505 0.295898 0.400391 0.295898 0.387370 0.298828 0.372396 0.304199 0.360677 0.304688 0.355469 0.306641 0.342448 0.307129 0.334635 0.304688 0.330078 0.304688 0.325521 0.310547 0.320964 0.313965 0.319010 0.319336 0.313802 0.322754 0.311849 0.326172 0.303385 0.331055 0.297526 0.336914 0.293620 0.344727 0.293620 0.349609 0.295573 0.353027 0.297526 0.364746 0.300130 0.368652 0.301432 0.374512 0.313802 0.394043 0.307292 0.400391 0.305339 0.404297 0.298177 0.410645 0.290365 0.423828 0.291667 0.426758 0.291016 0.432617 0.292969 0.435547 0.292969 0.440430 0.296224 0.448242 0.295573 0.466309 0.292318 0.468750 0.286458 0.469238 0.282552 0.471191 0.281901 0.476074 0.284505 0.481934 0.283854 0.483887 0.276042 0.486328 0.270182 0.486328 0.266276 0.488770 0.264974 0.491699 0.265625 0.499023 0.272135 0.504395 0.276042 0.512695 0.275391 0.521484 0.268880 0.526367 0.266927 0.529297 0.268229 0.550781 0.264323 0.571289 0.265625 0.592773 0.270182 0.606934 0.276042 0.612305 0.279297 0.618652 0.283203 0.632812 0.286458 0.630859 0.288411 0.633301 0.287760 0.635742 0.285156 0.637695 0.286458 0.643555 0.291667 0.646973 0.295573 0.653320 0.301432 0.655273 0.313802 0.656738 0.328125 0.671875 0.333333 0.674316 0.337240 0.674316 0.345052 0.682617 0.356120 0.686035 0.365885 0.692871 0.367839 0.697266 0.367839 0.701660 0.372396 0.704590 0.373698 0.707520 0.374349 0.718262 0.376953 0.728516 0.380859 0.728027 0.384766 0.731445 0.394531 0.729004 0.403646 0.728516 0.408854 0.724609 0.408203 0.720703 0.419271 0.722168 0.423177 0.720215 0.434896 0.718262 0.436849 0.717285 0.438151 0.714355 0.438802 0.705566 0.436198 0.700195 0.436198 0.688965 0.422526 0.688477 0.416016 0.686523 0.413411 0.684570 0.412760 0.682129 0.414062 0.672852 0.421224 0.657715 0.421224 0.646484 0.423177 0.638184 0.421224 0.635254 0.413411 0.631348 0.393880 0.615723 0.390625 0.605469 0.389974 0.584961 0.391276 0.573730 0.395833 0.563965 0.397786 0.552734 0.397135 0.540039 0.393229 0.536621 0.397786 0.533203 0.389323 0.528809 0.385417 0.529785 0.378255 0.528809 0.373698 0.517578 0.367188 0.515625 0.361979 0.509766 0.360677 0.501953 0.358073 0.497070 0.356771 0.485352 0.352865 0.481934 0.349609 0.469238 0.345703 0.466309 0.343750 0.439453 0.337891 0.435059 0.337240 0.427734 0.341797 0.419434 0.344401 0.406738 0.352865 0.398926 0.357422 0.397949 0.360026 0.393555 0.363281 0.392090 0.367839 0.392578 0.373047 0.398438 0.387370 0.398438 0.390625 0.397461 0.397786 0.389160 0.397786 0.373047 0.400391 0.367676 0.404948 0.364746 0.408854 0.359375 0.412109 0.358398 0.422526 0.350586 0.427083 0.349609 0.430990 0.345703 0.435547 0.345215 0.440104 0.342773 0.446615 0.341309 0.448568 0.335449 0.447266 0.329590 0.451172 0.320312 0.451823 0.313477 0.440104 0.310059 0.437500 0.305664 0.429036 0.298828
1 0.793620 0.369629 0.787109 0.374512 0.778646 0.376953 0.776042 0.379395 0.776042 0.381836 0.778646 0.383789 0.785807 0.384766 0.798177 0.392578 0.805339 0.401855 0.810547 0.414551 0.809896 0.435059 0.807292 0.438965 0.804036 0.450684 0.798177 0.455078 0.794271 0.471191 0.813802 0.482910 0.828776 0.486328 0.835286 0.489258 0.845703 0.498047 0.856120 0.501953 0.870443 0.513672 0.877604 0.515137 0.893880 0.506836 0.897786 0.502930 0.897786 0.499023 0.894531 0.490234 0.899740 0.485352 0.904948 0.482910 0.905599 0.478516 0.903646 0.472168 0.894531 0.467773 0.888672 0.462891 0.876302 0.459961 0.868490 0.459961 0.864583 0.461426 0.860677 0.461426 0.852865 0.458008 0.847005 0.451660 0.846354 0.440918 0.841797 0.431641 0.829427 0.424316 0.826823 0.419922 0.824219 0.411133 0.818359 0.400391 0.818359 0.391602 0.816406 0.385742 0.812500 0.381836 0.810547 0.376953 0.800781 0.374512 0.796875 0.372070 0.795573 0.369629
4 0.253906 0.493164 0.251953 0.494141 0.250000 0.499023 0.243490 0.501465 0.241536 0.504883 0.235026 0.509277 0.234375 0.514160 0.229818 0.518066 0.229818 0.520508 0.225911 0.525391 0.225911 0.528320 0.220052 0.541504 0.218750 0.552734 0.215495 0.563477 0.214844 0.580078 0.216146 0.592773 0.222656 0.614746 0.227214 0.623535 0.242839 0.641602 0.259766 0.654785 0.264323 0.656250 0.274740 0.662598 0.283854 0.665527 0.290365 0.670898 0.297526 0.673828 0.307292 0.681641 0.309245 0.685059 0.314453 0.688477 0.316406 0.693359 0.322266 0.699707 0.326172 0.706055 0.328125 0.716797 0.335286 0.731934 0.337240 0.741211 0.339193 0.743164 0.339844 0.749023 0.341797 0.751953 0.341797 0.755859 0.343750 0.758789 0.345052 0.772461 0.347005 0.775879 0.348958 0.788574 0.350911 0.792969 0.352865 0.810059 0.355469 0.813965 0.356771 0.826660 0.359375 0.828613 0.360677 0.842285 0.363932 0.847656 0.365234 0.854980 0.366536 0.854980 0.367188 0.852539 0.369792 0.850586 0.370443 0.846680 0.373047 0.846191 0.373047 0.844727 0.369792 0.845703 0.364583 0.840820 0.363281 0.836426 0.363932 0.830078 0.360026 0.827148 0.358073 0.822266 0.360026 0.818359 0.358724 0.814453 0.365234 0.810547 0.367839 0.812988 0.376953 0.813965 0.378906 0.815430 0.376302 0.817383 0.376953 0.818848 0.378906 0.818359 0.379557 0.816406 0.381510 0.817383 0.383464 0.821777 0.381510 0.831055 0.384115 0.843262 0.390625 0.846680 0.390625 0.850586 0.391927 0.851562 0.393880 0.851074 0.394531 0.846191 0.396484 0.845215 0.404297 0.845215 0.406250 0.848145 0.405599 0.857422 0.402995 0.858398 0.399740 0.856934 0.389974 0.862305 0.391276 0.866211 0.397135 0.865234 0.398438 0.874512 0.401042 0.876953 0.404948 0.877930 0.403646 0.882812 0.404297 0.889160 0.399089 0.892578 0.399740 0.897461 0.402995 0.898926 0.403646 0.900879 0.406250 0.899414 0.412760 0.898926 0.412760 0.905273 0.414714 0.907715 0.414714 0.913574 0.416016 0.915527 0.418620 0.913574 0.417969 0.908691 0.419922 0.906738 0.421224 0.907715 0.421224 0.914551 0.422526 0.916504 0.420573 0.917480 0.416016 0.916504 0.414062 0.922852 0.414714 0.928223 0.417318 0.931152 0.415365 0.936523 0.423828 0.938477 0.427734 0.936035 0.430990 0.937988 0.436198 0.937988 0.438151 0.939453 0.438151 0.951172 0.436198 0.953125 0.431641 0.951660 0.428385 0.955566 0.432943 0.963867 0.436849 0.964844 0.438802 0.967285 0.440104 0.967285 0.438802 0.962891 0.441406 0.961426 0.442057 0.957520 0.444010 0.956543 0.445964 0.960449 0.448568 0.960938 0.451172 0.963379 0.449870 0.958984 0.452474 0.956055 0.451823 0.953125 0.447266 0.948730 0.442708 0.952148 0.440755 0.948242 0.442057 0.942383 0.443359 0.941406 0.447266 0.946289 0.455078 0.946777 0.460938 0.958496 0.462240 0.971680 0.464193 0.974121 0.467448 0.974609 0.469401 0.973633 0.470703 0.966309 0.473307 0.968750 0.473307 0.970703 0.475911 0.970703 0.475260 0.961914 0.472005 0.959473 0.472005 0.955078 0.468099 0.943359 0.461589 0.934570 0.460286 0.927734 0.451823 0.908691 0.447266 0.903809 0.443359 0.890137 0.438151 0.881348 0.429688 0.857422 0.412109 0.817871 0.392578 0.777344 0.386719 0.768555 0.381510 0.754883 0.375651 0.747070 0.371745 0.736816 0.367839 0.731445 0.365885 0.722656 0.361328 0.716797 0.357422 0.702637 0.353516 0.700684 0.350260 0.693359 0.345703 0.693359 0.343750 0.687012 0.320964 0.672852 0.314453 0.671875 0.311849 0.665527 0.309896 0.664062 0.302083 0.661133 0.298177 0.661133 0.294922 0.662598 0.290365 0.659668 0.287109 0.650391 0.285156 0.648926 0.281901 0.642090 0.277995 0.623535 0.266276 0.600586 0.264323 0.584961 0.261068 0.579590 0.264974 0.561523 0.266927 0.543457 0.263672 0.535645 0.259766 0.534180 0.259115 0.532227 0.266927 0.525391 0.267578 0.520508 0.270833 0.520508 0.274740 0.518066 0.274740 0.516113 0.268229 0.507324 0.263021 0.496582 0.259766 0.493652
4 0.320964 0.676270 0.317057 0.679688 0.316406 0.686035 0.326823 0.707520 0.341797 0.751953 0.354818 0.817871 0.375000 0.894531 0.376953 0.908203 0.391276 0.970703 0.392578 0.983887 0.395182 0.988770 0.395182 0.995117 0.397786 0.998047 0.397786 1.000000 0.486328 1.000000 0.483073 0.980957 0.468099 0.945801 0.445312 0.898926 0.436198 0.875000 0.430339 0.864258 0.428385 0.856445 0.416667 0.833008 0.412760 0.821777 0.392578 0.779785 0.386719 0.770508 0.381510 0.757324 0.374349 0.747070 0.358724 0.710449 0.349609 0.694336 0.345052 0.688965 0.329427 0.678711
5 0.490234 0.516113 0.477865 0.516113 0.466146 0.519043 0.443359 0.522461 0.426432 0.522461 0.417318 0.520508 0.412109 0.520508 0.408203 0.524414 0.401693 0.540039 0.398438 0.561523 0.392578 0.576172 0.391276 0.585938 0.391276 0.602051 0.392578 0.606445 0.398438 0.616211 0.411458 0.625977 0.427734 0.635254 0.451823 0.643555 0.468750 0.643555 0.478516 0.635254 0.481771 0.629883 0.497396 0.618164 0.514323 0.609863 0.542318 0.590820 0.560547 0.572754 0.561198 0.569824 0.570312 0.560547 0.570964 0.557129 0.568359 0.549316 0.563151 0.547363 0.561198 0.543945 0.557292 0.542969 0.554036 0.540039 0.539062 0.532715 0.514323 0.524414 0.503255 0.521973 0.498047 0.518066
5 0.505859 0.501953 0.507161 0.511719 0.509766 0.516602 0.514323 0.520996 0.544271 0.532227 0.571615 0.545898 0.595703 0.548828 0.616536 0.552734 0.650391 0.562500 0.659505 0.561523 0.673177 0.557617 0.686198 0.548340 0.693359 0.538574 0.699870 0.519531 0.699219 0.509766 0.690755 0.499512 0.684896 0.478516 0.681641 0.476074 0.674479 0.474121 0.662760 0.468750 0.652995 0.466309 0.641927 0.460449 0.634115 0.458496 0.621094 0.452148 0.598307 0.448242 0.588542 0.445312 0.576823 0.446289 0.559245 0.465332 0.540365 0.479492 0.538411 0.482422 0.512370 0.500000
