4 0.723710 0.157738 0.931548 0.157738 0.931548 0.380952 0.723710 0.380952
0 0.649306 0.354167 0.712054 0.354167 0.712054 0.462302 0.649306 0.462302
5 0.630952 0.267196 0.715030 0.267196 0.715030 0.370370 0.630952 0.370370
6 0.108135 0.306217 0.303571 0.306217 0.303571 0.590278 0.108135 0.590278
4 0.726190 0.478175 1.000000 0.478175 1.000000 0.626984 0.726190 0.626984
0 0.436756 0.292989 0.692956 0.292989 0.692956 0.667328 0.436756 0.667328
0 0.612847 0.545304 0.707093 0.545304 0.707093 0.661376 0.612847 0.661376
0 0.402530 0.558201 0.450149 0.558201 0.450149 0.631614 0.402530 0.631614
4 0.727183 0.447090 1.000000 0.447090 1.000000 0.596892 0.727183 0.596892
1 0.381696 0.201058 0.588046 0.201058 0.588046 0.554563 0.381696 0.554563
4 0.930308 0.161706 0.928323 0.159061 0.925099 0.157738 0.915923 0.157738 0.908234 0.160053 0.887401 0.168981 0.885169 0.169312 0.877232 0.173611 0.872520 0.179233 0.869296 0.181548 0.865823 0.186508 0.861855 0.189815 0.857639 0.195767 0.853175 0.200066 0.849950 0.205026 0.843750 0.212302 0.835565 0.225529 0.818452 0.247354 0.813740 0.250992 0.809276 0.256944 0.798859 0.267857 0.794395 0.274140 0.779266 0.288690 0.771329 0.293651 0.758681 0.298280 0.748512 0.302910 0.727927 0.306217 0.725198 0.307870 0.723710 0.310185 0.723958 0.312500 0.724950 0.314484 0.735615 0.319114 0.744544 0.320106 0.750248 0.322090 0.757192 0.327381 0.762153 0.334987 0.763889 0.341601 0.763641 0.346561 0.762153 0.352183 0.757937 0.360780 0.756944 0.364749 0.754960 0.369048 0.754960 0.373677 0.753968 0.376984 0.755208 0.379630 0.756448 0.380622 0.760913 0.380952 0.764137 0.379630 0.765873 0.377315 0.766617 0.373016 0.773313 0.361442 0.773810 0.356812 0.778026 0.350529 0.780506 0.345238 0.785218 0.337963 0.797867 0.314815 0.822421 0.283730 0.827133 0.279762 0.839534 0.266534 0.849206 0.259590 0.855407 0.253638 0.861855 0.249339 0.865823 0.245701 0.868552 0.242063 0.873016 0.238426 0.876488 0.233466 0.881200 0.229167 0.886409 0.222884 0.896577 0.212963 0.901042 0.207672 0.904762 0.204696 0.908730 0.199735 0.920387 0.189484 0.929315 0.177910 0.931548 0.170304 0.931548 0.165344
0 0.656746 0.356481 0.654762 0.358796 0.651042 0.361111 0.649306 0.365079 0.652282 0.376323 0.652282 0.380622 0.654018 0.387897 0.656746 0.392857 0.657242 0.397487 0.662202 0.404762 0.663938 0.409061 0.665427 0.421296 0.680060 0.454365 0.681548 0.456680 0.685020 0.460317 0.689236 0.462302 0.693700 0.462302 0.698661 0.459987 0.701885 0.455026 0.703621 0.446098 0.705109 0.443122 0.705853 0.439153 0.707589 0.435847 0.708333 0.432209 0.710317 0.427249 0.710565 0.423611 0.711558 0.420304 0.712054 0.411706 0.711558 0.407738 0.709573 0.401786 0.708581 0.400132 0.706101 0.398479 0.703125 0.392196 0.695933 0.383267 0.693452 0.377646 0.689236 0.372354 0.684772 0.369378 0.681052 0.368386 0.677331 0.372024 0.674355 0.373016 0.672619 0.371032 0.668899 0.362765 0.667907 0.359127 0.666419 0.357143 0.662698 0.354167
5 0.631696 0.269841 0.630952 0.273479 0.630952 0.277447 0.633929 0.295304 0.636161 0.299272 0.636161 0.302579 0.638145 0.304563 0.638889 0.306548 0.642113 0.307209 0.641865 0.309854 0.639633 0.313823 0.640129 0.317130 0.639385 0.321429 0.639881 0.325728 0.639633 0.329696 0.640625 0.336971 0.642857 0.346230 0.642857 0.350198 0.643601 0.353505 0.646825 0.357474 0.654018 0.357804 0.658730 0.354497 0.661706 0.353505 0.666171 0.355489 0.669643 0.356151 0.671379 0.357804 0.672123 0.359788 0.674851 0.361111 0.672619 0.364087 0.673115 0.369709 0.673859 0.370370 0.677579 0.369048 0.677579 0.365741 0.679067 0.363757 0.679563 0.361772 0.676835 0.357804 0.676339 0.353836 0.674355 0.351852 0.672619 0.346892 0.671627 0.337302 0.672123 0.334656 0.673611 0.332341 0.675843 0.331680 0.687500 0.332011 0.691468 0.331349 0.701637 0.331349 0.709573 0.330026 0.714038 0.327050 0.715030 0.322090 0.714534 0.315146 0.713294 0.310847 0.710317 0.309854 0.704861 0.309524 0.701637 0.310516 0.695685 0.310185 0.694196 0.310847 0.688492 0.310516 0.686508 0.311508 0.680556 0.311177 0.675347 0.312169 0.673115 0.313161 0.669395 0.318783 0.666171 0.316468 0.663690 0.312500 0.656746 0.306878 0.654514 0.298942 0.649554 0.290675 0.644841 0.278108 0.639137 0.267857 0.637649 0.267196 0.635665 0.268519 0.632440 0.268849
6 0.287698 0.331680 0.272073 0.321429 0.267361 0.319444 0.263641 0.316799 0.256696 0.313492 0.245040 0.309524 0.236359 0.307540 0.224206 0.306217 0.213046 0.306878 0.204613 0.308862 0.200893 0.310847 0.189484 0.314484 0.184524 0.318452 0.177827 0.322090 0.173363 0.325397 0.171131 0.328042 0.166915 0.330357 0.162202 0.335648 0.158730 0.337963 0.154762 0.343585 0.151042 0.346230 0.133929 0.369709 0.131944 0.374008 0.129712 0.376653 0.126488 0.382275 0.123760 0.390873 0.118800 0.400463 0.113095 0.420635 0.111607 0.424272 0.109375 0.443783 0.108135 0.460648 0.108135 0.468585 0.110119 0.497685 0.113591 0.511243 0.117063 0.519511 0.118800 0.525794 0.124752 0.536045 0.127232 0.543320 0.140625 0.561177 0.147073 0.566799 0.150050 0.570437 0.155258 0.574405 0.157242 0.577050 0.161210 0.578704 0.170883 0.584656 0.177579 0.587302 0.184524 0.589286 0.194444 0.590278 0.205357 0.589947 0.216270 0.588294 0.234375 0.583664 0.244544 0.579034 0.248512 0.578042 0.253472 0.574074 0.256200 0.573082 0.258929 0.570437 0.263393 0.568122 0.268105 0.563161 0.272569 0.560516 0.277282 0.555225 0.279762 0.553571 0.283978 0.547950 0.288442 0.544643 0.295635 0.535384 0.299107 0.529101 0.300347 0.522487 0.300099 0.513558 0.298611 0.505952 0.298611 0.493717 0.297867 0.487103 0.298115 0.482143 0.297123 0.471561 0.296875 0.450397 0.296379 0.447751 0.297123 0.414352 0.298115 0.404431 0.297619 0.387897 0.299355 0.380291 0.300347 0.371362 0.302331 0.366402 0.303323 0.362103 0.303571 0.351852 0.303323 0.349206 0.301835 0.345899 0.300347 0.344907 0.297867 0.341270 0.290923 0.335317
4 0.726190 0.481151 0.726190 0.483135 0.728671 0.487434 0.740327 0.496693 0.751984 0.500661 0.760169 0.505952 0.767857 0.508929 0.805804 0.529431 0.814236 0.532407 0.822421 0.537368 0.828373 0.539683 0.837550 0.544974 0.850446 0.550926 0.852927 0.552910 0.859127 0.555225 0.868304 0.560185 0.875496 0.563161 0.884673 0.569114 0.896081 0.574735 0.900050 0.577712 0.903770 0.579034 0.914683 0.585648 0.920387 0.587963 0.924355 0.590939 0.935020 0.595238 0.939732 0.598876 0.951141 0.603836 0.962302 0.610119 0.967014 0.611442 0.970982 0.614418 0.981399 0.619048 0.986607 0.622354 0.989583 0.623016 0.994048 0.625661 1.000000 0.626984 1.000000 0.603836 0.997768 0.603505 0.992312 0.600860 0.981895 0.594577 0.970734 0.591270 0.966766 0.587302 0.962798 0.586310 0.955357 0.583003 0.949901 0.579365 0.939484 0.576058 0.935268 0.572090 0.931548 0.571098 0.923115 0.567130 0.917907 0.563492 0.907986 0.560185 0.903770 0.556878 0.892361 0.552579 0.883185 0.547288 0.875248 0.544643 0.872520 0.542328 0.861607 0.538029 0.851687 0.532077 0.838542 0.527447 0.834821 0.525132 0.822173 0.520172 0.815476 0.516204 0.803571 0.512235 0.783978 0.501323 0.772321 0.497685 0.765625 0.493717 0.751488 0.487765 0.748760 0.485119 0.738343 0.481812 0.732143 0.478175 0.728423 0.478175
0 0.587798 0.293651 0.580357 0.292989 0.576885 0.295635 0.571677 0.296296 0.563244 0.300595 0.560516 0.304233 0.555308 0.307209 0.550843 0.317791 0.550843 0.319114 0.552083 0.322090 0.552331 0.329365 0.551835 0.331680 0.546875 0.342262 0.538938 0.352844 0.537946 0.357804 0.530506 0.367063 0.525794 0.371032 0.520089 0.379630 0.517361 0.381283 0.512897 0.386243 0.510169 0.386905 0.509177 0.388228 0.507440 0.392526 0.506944 0.397156 0.502728 0.408069 0.499256 0.412037 0.498512 0.419643 0.497520 0.420966 0.493304 0.423280 0.489583 0.423611 0.484127 0.425265 0.481647 0.427249 0.478671 0.427579 0.475942 0.430556 0.470238 0.434193 0.468998 0.436839 0.466270 0.439815 0.465774 0.441799 0.463294 0.445767 0.460565 0.452712 0.457093 0.459325 0.456845 0.461971 0.454613 0.465939 0.453869 0.469907 0.450645 0.478505 0.444940 0.485780 0.443948 0.489749 0.444196 0.494709 0.443700 0.496032 0.439484 0.499339 0.437500 0.501984 0.436756 0.504630 0.436756 0.506944 0.437748 0.509259 0.437748 0.514550 0.438988 0.517857 0.438988 0.521825 0.441716 0.525463 0.443204 0.533399 0.448165 0.538690 0.450397 0.542328 0.452629 0.542659 0.455109 0.539352 0.457341 0.540675 0.456845 0.542989 0.454117 0.544312 0.453869 0.548611 0.455357 0.552579 0.458333 0.551587 0.459573 0.552910 0.459077 0.556548 0.461062 0.559854 0.462550 0.568783 0.465030 0.576720 0.465278 0.580688 0.466518 0.582672 0.469990 0.592262 0.472222 0.594907 0.478423 0.607804 0.484375 0.618056 0.490327 0.625331 0.493304 0.631944 0.498016 0.638228 0.500496 0.645172 0.509673 0.657407 0.515377 0.662698 0.522321 0.666667 0.533234 0.667328 0.536706 0.665675 0.545635 0.657077 0.549355 0.654431 0.556796 0.644180 0.565476 0.634921 0.574405 0.628307 0.582837 0.624339 0.599206 0.611111 0.604663 0.605489 0.607887 0.603836 0.611607 0.600198 0.616071 0.593254 0.619792 0.589616 0.623016 0.588624 0.625496 0.585979 0.627480 0.584987 0.631696 0.581019 0.633433 0.577712 0.635665 0.576389 0.636905 0.574735 0.639137 0.573743 0.640873 0.571098 0.643353 0.569775 0.647569 0.565476 0.649554 0.562169 0.655258 0.558201 0.656746 0.555556 0.662946 0.549603 0.664187 0.545304 0.667163 0.542659 0.670387 0.541667 0.680060 0.528439 0.685268 0.522487 0.687500 0.516865 0.689732 0.513889 0.690476 0.509921 0.692212 0.505622 0.692212 0.501653 0.692956 0.498677 0.692460 0.489087 0.690972 0.481812 0.687252 0.469907 0.680556 0.458664 0.673363 0.442791 0.668899 0.431217 0.665923 0.426587 0.660466 0.412037 0.657490 0.406746 0.654514 0.397487 0.651786 0.391204 0.649802 0.388228 0.647073 0.380291 0.642609 0.373016 0.639881 0.364418 0.637649 0.361442 0.636409 0.358466 0.635169 0.357474 0.633433 0.353836 0.632937 0.349537 0.628720 0.345899 0.626736 0.343254 0.623512 0.336971 0.619296 0.331680 0.618056 0.328373 0.611607 0.321429 0.610119 0.317460 0.606399 0.312169 0.603671 0.310185 0.598710 0.302910 0.596230 0.300926 0.593998 0.297619
0 0.685020 0.547950 0.676835 0.545304 0.673611 0.545304 0.666419 0.549272 0.662450 0.554563 0.658978 0.557540 0.655010 0.563492 0.648562 0.567791 0.642609 0.573743 0.639633 0.578042 0.634425 0.581680 0.629712 0.586640 0.626736 0.588294 0.621776 0.593915 0.618304 0.595569 0.614831 0.599868 0.613343 0.603505 0.612847 0.610119 0.613839 0.619378 0.616815 0.625331 0.618552 0.630952 0.626240 0.643519 0.632440 0.650132 0.639137 0.654101 0.641617 0.656415 0.646825 0.659061 0.657738 0.661376 0.667163 0.661376 0.678571 0.657738 0.687004 0.651455 0.693948 0.642526 0.694692 0.639881 0.697917 0.633598 0.701141 0.624339 0.704117 0.619709 0.705605 0.616071 0.707093 0.608135 0.707093 0.593585 0.705357 0.586310 0.702133 0.583003 0.700149 0.573413 0.693948 0.558201 0.689732 0.552579
0 0.408482 0.560516 0.406250 0.563823 0.403026 0.572751 0.402530 0.576058 0.403274 0.591931 0.404762 0.596561 0.406994 0.607804 0.411210 0.615410 0.415923 0.621693 0.422867 0.628307 0.430308 0.631614 0.435268 0.631283 0.442212 0.625992 0.448165 0.623677 0.450149 0.620040 0.450149 0.618056 0.447917 0.611442 0.445188 0.608135 0.443700 0.604167 0.439236 0.599206 0.436756 0.593915 0.430308 0.584987 0.428323 0.579365 0.422371 0.569775 0.419891 0.563823 0.413194 0.558201 0.411458 0.558201
4 0.727183 0.451058 0.727431 0.455688 0.728919 0.457341 0.737599 0.463955 0.749008 0.469907 0.752480 0.472553 0.756696 0.472884 0.760169 0.474537 0.763145 0.474868 0.767857 0.479497 0.786954 0.488757 0.790675 0.491402 0.794147 0.492725 0.798611 0.496362 0.818452 0.504299 0.821677 0.506944 0.825397 0.508267 0.829613 0.511574 0.849206 0.520503 0.853423 0.523810 0.861359 0.528439 0.879960 0.536706 0.892361 0.544312 0.896825 0.545966 0.903274 0.549603 0.911210 0.552579 0.924107 0.560516 0.927331 0.561177 0.935020 0.564484 0.939732 0.568122 0.944444 0.570106 0.947421 0.572421 0.951885 0.574074 0.955109 0.576389 0.958829 0.577381 0.967262 0.581349 0.971230 0.584325 0.973958 0.584987 0.978919 0.588624 0.983135 0.589947 0.986111 0.592262 0.989583 0.592923 0.994544 0.595899 1.000000 0.596892 1.000000 0.576389 0.998016 0.576389 0.991319 0.572090 0.986607 0.570437 0.975198 0.563823 0.973214 0.563492 0.966518 0.559854 0.961062 0.557870 0.958333 0.555886 0.947173 0.550926 0.943948 0.548611 0.937748 0.546296 0.928075 0.540675 0.922867 0.538690 0.912946 0.532738 0.908234 0.531415 0.904266 0.528770 0.897569 0.526455 0.884425 0.519841 0.881200 0.517526 0.875248 0.515212 0.872520 0.513228 0.866319 0.511243 0.852927 0.504630 0.849702 0.502315 0.843006 0.500000 0.810268 0.484127 0.799603 0.480820 0.795635 0.477183 0.791419 0.475860 0.787202 0.472884 0.781250 0.470569 0.779018 0.468915 0.775050 0.468254 0.771081 0.466270 0.766865 0.465278 0.762649 0.461971 0.759425 0.460648 0.755704 0.458003 0.751984 0.456680 0.747520 0.452712 0.744792 0.452381 0.732887 0.447090 0.728919 0.448082
1 0.557292 0.202381 0.548363 0.201058 0.546131 0.202050 0.532738 0.203042 0.529514 0.205026 0.524802 0.205357 0.522073 0.206680 0.518105 0.207011 0.514137 0.208995 0.505456 0.211310 0.494048 0.211971 0.487599 0.217593 0.483135 0.219246 0.480159 0.221561 0.472470 0.229167 0.468502 0.235450 0.467014 0.239418 0.466022 0.240741 0.462302 0.243056 0.457589 0.249339 0.457093 0.251323 0.450645 0.258929 0.447173 0.261574 0.442460 0.268188 0.437500 0.272817 0.431052 0.280423 0.430060 0.282738 0.423859 0.291667 0.419395 0.302910 0.415675 0.307540 0.411706 0.319114 0.408482 0.325728 0.405506 0.330026 0.403026 0.338294 0.402778 0.341270 0.399802 0.345899 0.399554 0.349206 0.395585 0.361442 0.395337 0.365410 0.393353 0.369378 0.392857 0.372354 0.390377 0.376653 0.389881 0.383929 0.390377 0.396495 0.389137 0.399802 0.383929 0.423280 0.383185 0.435185 0.382192 0.439153 0.381696 0.476190 0.382440 0.487434 0.384177 0.500992 0.385665 0.506283 0.386161 0.511243 0.388145 0.520503 0.390129 0.525132 0.392361 0.533730 0.392857 0.538029 0.396329 0.544974 0.397073 0.548280 0.400546 0.554563 0.402282 0.554233 0.406746 0.547950 0.411458 0.546627 0.414435 0.544974 0.414683 0.541336 0.418403 0.536706 0.419891 0.532738 0.425099 0.529431 0.426339 0.525463 0.427579 0.523810 0.428571 0.523479 0.430804 0.525794 0.429812 0.528439 0.430556 0.530093 0.432540 0.529762 0.433284 0.526124 0.432788 0.518188 0.430060 0.514550 0.431548 0.508598 0.432044 0.502976 0.436012 0.495040 0.439236 0.491071 0.440972 0.487103 0.451637 0.476190 0.453621 0.467923 0.453621 0.462963 0.454613 0.454365 0.458829 0.451058 0.461310 0.444114 0.462302 0.439153 0.466766 0.435185 0.468006 0.430886 0.469494 0.428571 0.476438 0.422619 0.483879 0.420966 0.485367 0.419643 0.485863 0.416667 0.486855 0.415344 0.490823 0.415344 0.494544 0.413029 0.497768 0.409722 0.499256 0.404762 0.500992 0.393188 0.502728 0.388228 0.502480 0.384590 0.504464 0.380952 0.504712 0.376984 0.505952 0.372685 0.505704 0.369048 0.507937 0.361442 0.510417 0.359127 0.513889 0.358466 0.514881 0.356812 0.515129 0.354497 0.517113 0.351852 0.520585 0.349868 0.522817 0.347553 0.525050 0.346230 0.529514 0.347553 0.531002 0.346230 0.531250 0.344907 0.530010 0.343254 0.528274 0.343254 0.525546 0.344907 0.524802 0.343585 0.524802 0.341601 0.526042 0.338624 0.530754 0.337302 0.531994 0.335979 0.532490 0.329696 0.533730 0.326389 0.535714 0.327712 0.538442 0.327712 0.539187 0.327050 0.539435 0.325728 0.538690 0.324735 0.536458 0.324405 0.534970 0.323082 0.535218 0.321098 0.537450 0.317791 0.537450 0.315146 0.541419 0.311839 0.543899 0.313161 0.545387 0.313161 0.547371 0.309854 0.549603 0.308532 0.554563 0.302910 0.560268 0.298942 0.563740 0.295304 0.569940 0.294643 0.571677 0.292989 0.586062 0.288360 0.587550 0.286706 0.588046 0.283399 0.585565 0.278439 0.584821 0.274471 0.584077 0.273479 0.579365 0.274140 0.577381 0.272156 0.577629 0.267196 0.576885 0.263228 0.578621 0.259590 0.578125 0.258929 0.571677 0.258929 0.569692 0.259921 0.569692 0.261905 0.571429 0.262897 0.572173 0.264550 0.567956 0.266204 0.567956 0.268519 0.568948 0.270833 0.568700 0.271825 0.565476 0.273810 0.563988 0.271825 0.563492 0.266204 0.564236 0.264881 0.566964 0.264220 0.567212 0.260251 0.564732 0.258598 0.563244 0.258598 0.561260 0.262235 0.560764 0.261243 0.560764 0.258267 0.561508 0.256283 0.559772 0.253638 0.559524 0.251653 0.561260 0.250000 0.565724 0.248677 0.566716 0.247685 0.565724 0.244048 0.569444 0.239418 0.569940 0.236442 0.574157 0.232474 0.574157 0.223214 0.572421 0.217923 0.569444 0.215608 0.565228 0.214947 0.562996 0.210317 0.560268 0.208333 0.558780 0.206349
