0 0.630208 0.306641 0.777995 0.306641 0.777995 0.402344 0.630208 0.402344
0 0.694010 0.507324 0.809245 0.507324 0.809245 0.615234 0.694010 0.615234
0 0.431641 0.618652 0.601562 0.618652 0.601562 0.707520 0.431641 0.707520
0 0.439453 0.692871 0.568359 0.692871 0.568359 0.748535 0.439453 0.748535
0 0.469401 0.741211 0.632812 0.741211 0.632812 0.798340 0.469401 0.798340
0 0.216146 0.340820 0.393229 0.340820 0.393229 0.539062 0.216146 0.539062
0 0.389974 0.379395 0.526042 0.379395 0.526042 0.441406 0.389974 0.441406
0 0.475911 0.296387 0.563151 0.296387 0.563151 0.345703 0.475911 0.345703
0 0.132161 0.491699 0.191406 0.491699 0.191406 0.531250 0.132161 0.531250
1 0.302734 0.282715 0.462891 0.282715 0.462891 0.340332 0.302734 0.340332
1 0.718099 0.446289 0.825521 0.446289 0.825521 0.521484 0.718099 0.521484
1 0.196615 0.633301 0.473307 0.633301 0.473307 0.796387 0.196615 0.796387
4 0.614583 0.479980 0.970703 0.479980 0.970703 1.000000 0.614583 1.000000
4 0.000000 0.244629 0.321615 0.244629 0.321615 0.545410 0.000000 0.545410
5 0.464844 0.479492 0.624349 0.479492 0.624349 0.629395 0.464844 0.629395
5 0.347005 0.552246 0.445964 0.552246 0.445964 0.690430 0.347005 0.690430
5 0.224609 0.557617 0.358724 0.557617 0.358724 0.654785 0.224609 0.654785
5 0.155599 0.526367 0.366536 0.526367 0.366536 0.687500 0.155599 0.687500
5 0.210286 0.400879 0.260417 0.400879 0.260417 0.463867 0.210286 0.463867
5 0.322917 0.404297 0.485677 0.404297 0.485677 0.488281 0.322917 0.488281
5 0.325521 0.344238 0.636068 0.344238 0.636068 0.387695 0.325521 0.387695
5 0.639974 0.386230 0.733724 0.386230 0.733724 0.467773 0.639974 0.467773
0 0.632812 0.308594 0.630208 0.313965 0.631510 0.317871 0.651693 0.349121 0.665365 0.363281 0.684245 0.375488 0.688151 0.379883 0.703125 0.389648 0.724609 0.399902 0.750651 0.402344 0.756510 0.400879 0.762370 0.392578 0.768229 0.390137 0.773438 0.389648 0.776693 0.387695 0.777995 0.385742 0.777344 0.380371 0.766927 0.357910 0.748047 0.339355 0.727214 0.329102 0.687500 0.312988 0.675130 0.310059 0.654297 0.308594 0.644531 0.306641
0 0.787760 0.511719 0.778646 0.508789 0.768880 0.507324 0.751953 0.507324 0.734375 0.512207 0.728516 0.515137 0.726562 0.519043 0.726562 0.527344 0.730469 0.541992 0.729818 0.548828 0.725260 0.557617 0.716797 0.562988 0.701823 0.567383 0.697266 0.570312 0.694010 0.575684 0.694010 0.603516 0.697266 0.608398 0.707682 0.612793 0.717448 0.613770 0.720703 0.615234 0.747396 0.612305 0.755208 0.612793 0.760417 0.611328 0.769531 0.611328 0.779297 0.605469 0.783203 0.605957 0.787760 0.604980 0.800130 0.596191 0.803385 0.588867 0.802734 0.576172 0.804036 0.573242 0.800781 0.568359 0.804688 0.558105 0.809245 0.532227 0.802734 0.520020
0 0.597656 0.633301 0.593099 0.630859 0.571615 0.628906 0.531250 0.618652 0.524740 0.618652 0.520182 0.620117 0.509115 0.621094 0.501302 0.624512 0.501302 0.631836 0.503906 0.638184 0.508464 0.641602 0.511068 0.646484 0.518229 0.670410 0.521484 0.674316 0.525391 0.684570 0.524740 0.687988 0.521484 0.689941 0.517578 0.687012 0.513021 0.687012 0.509115 0.684570 0.505859 0.684082 0.502604 0.681641 0.491536 0.664062 0.477865 0.653809 0.462891 0.648438 0.447917 0.646973 0.443359 0.652344 0.437500 0.664551 0.431641 0.684570 0.432943 0.689453 0.436849 0.693848 0.446615 0.699707 0.464193 0.705078 0.476562 0.707031 0.490885 0.707520 0.513672 0.705566 0.518229 0.704102 0.521484 0.704590 0.537760 0.701660 0.553385 0.697754 0.557292 0.695312 0.569661 0.690918 0.580729 0.683105 0.594401 0.670410 0.601562 0.656738 0.600911 0.640625
0 0.568359 0.695801 0.564453 0.692871 0.548828 0.697754 0.544271 0.700195 0.532552 0.702148 0.529948 0.703613 0.494141 0.707031 0.469401 0.706055 0.451823 0.701660 0.444661 0.701172 0.442057 0.703613 0.439453 0.711914 0.439453 0.718262 0.445312 0.733398 0.454427 0.741211 0.470052 0.747070 0.477214 0.748535 0.505208 0.748047 0.529948 0.743164 0.544922 0.736328 0.553385 0.729492 0.562500 0.717285
0 0.469401 0.772461 0.472656 0.779785 0.485026 0.789551 0.498047 0.793457 0.503255 0.797363 0.518229 0.798340 0.559896 0.797852 0.580078 0.794434 0.587240 0.791992 0.594401 0.791504 0.599609 0.786621 0.607422 0.786133 0.628255 0.772461 0.632161 0.767578 0.632812 0.757812 0.631510 0.754883 0.625651 0.750488 0.623047 0.749512 0.611328 0.750488 0.604818 0.748535 0.598307 0.744141 0.594401 0.743164 0.586589 0.743164 0.582682 0.744629 0.574219 0.744141 0.563151 0.745605 0.560547 0.747070 0.552734 0.747559 0.546875 0.741211 0.540365 0.741211 0.521484 0.746582 0.494792 0.749512 0.483724 0.751953 0.477865 0.754883 0.471354 0.762695
0 0.309245 0.340820 0.305990 0.342285 0.306641 0.345215 0.303385 0.347656 0.300130 0.353516 0.298177 0.354980 0.289062 0.355957 0.288411 0.358398 0.291016 0.361328 0.287109 0.364746 0.287109 0.372559 0.272786 0.377441 0.270182 0.379395 0.264974 0.376953 0.264974 0.373535 0.263672 0.373535 0.263021 0.377441 0.259115 0.380371 0.258464 0.384277 0.244141 0.395020 0.239583 0.403809 0.228516 0.414551 0.216146 0.439453 0.216146 0.448242 0.219401 0.459961 0.223958 0.462891 0.229167 0.460938 0.232422 0.465332 0.235026 0.437988 0.236328 0.437012 0.240234 0.437988 0.247396 0.434570 0.250000 0.436523 0.254557 0.436523 0.261068 0.433594 0.264974 0.433105 0.268229 0.430176 0.271484 0.432617 0.274089 0.429688 0.276042 0.429688 0.277995 0.431641 0.275391 0.434082 0.272135 0.434570 0.272135 0.435547 0.276693 0.437500 0.283203 0.443359 0.280599 0.447754 0.282552 0.451660 0.285156 0.453613 0.287760 0.459961 0.283203 0.462891 0.279297 0.474609 0.267578 0.479492 0.264974 0.484863 0.264974 0.489746 0.263021 0.491699 0.259766 0.492188 0.259115 0.499512 0.263672 0.503418 0.265625 0.514648 0.272786 0.520020 0.274740 0.523438 0.281250 0.527832 0.290365 0.531250 0.295573 0.531738 0.306641 0.535645 0.322266 0.538086 0.347005 0.539062 0.352865 0.537598 0.362630 0.531738 0.365234 0.531738 0.373047 0.528320 0.376953 0.517578 0.380208 0.516602 0.382812 0.514160 0.382812 0.510254 0.388672 0.499512 0.391276 0.485352 0.393229 0.482910 0.393229 0.477539 0.391276 0.467285 0.388672 0.462402 0.384766 0.458984 0.382161 0.453613 0.377604 0.450684 0.372396 0.439453 0.360026 0.435059 0.356771 0.424316 0.346354 0.423340 0.341797 0.421387 0.317708 0.421387 0.313151 0.418457 0.313151 0.415527 0.315104 0.414062 0.330078 0.412109 0.337240 0.408203 0.355469 0.404297 0.362630 0.397461 0.362630 0.393066 0.354818 0.388184 0.332031 0.385254 0.328776 0.383789 0.324870 0.377930 0.324870 0.371094 0.328125 0.365234 0.328776 0.360840 0.332031 0.357422 0.330078 0.353516 0.335938 0.349609 0.334635 0.345215 0.322266 0.341797
0 0.526042 0.387695 0.522135 0.382812 0.511068 0.379395 0.506510 0.380371 0.501302 0.379395 0.497396 0.383789 0.487630 0.385254 0.483073 0.384277 0.445964 0.384766 0.406901 0.387207 0.391276 0.390137 0.389974 0.391602 0.389974 0.400879 0.393229 0.403809 0.411458 0.407227 0.419922 0.410645 0.436849 0.425781 0.438802 0.429688 0.446615 0.436035 0.451172 0.437012 0.458984 0.440918 0.463542 0.441406 0.481771 0.434570 0.498698 0.422363 0.501302 0.416992 0.506510 0.414062 0.514323 0.406250 0.524089 0.393066
0 0.479818 0.297363 0.475911 0.342773 0.477214 0.344727 0.485677 0.342773 0.492188 0.342773 0.504557 0.345215 0.526693 0.345703 0.535156 0.344727 0.552734 0.345703 0.559245 0.343262 0.563151 0.334961 0.563151 0.328613 0.561198 0.326172 0.550130 0.321777 0.537109 0.313477 0.518229 0.305176 0.513672 0.301270 0.500000 0.297852 0.493490 0.297852 0.486979 0.296387 0.481120 0.296387
0 0.159505 0.491699 0.149740 0.492188 0.140625 0.497559 0.138021 0.500977 0.132161 0.518555 0.133464 0.523438 0.142578 0.529785 0.149089 0.531250 0.162109 0.530762 0.184896 0.523926 0.191406 0.518555 0.191406 0.516113 0.186849 0.509766 0.169271 0.499023 0.162760 0.492676
1 0.459635 0.282715 0.454427 0.283203 0.450521 0.286133 0.447266 0.286133 0.443359 0.289062 0.440104 0.289551 0.434896 0.293945 0.402344 0.292480 0.389974 0.295898 0.375651 0.296387 0.360677 0.299316 0.357422 0.298828 0.352865 0.300781 0.348958 0.304199 0.345703 0.304199 0.334635 0.312988 0.320312 0.316895 0.318359 0.318848 0.313802 0.318359 0.310547 0.320801 0.307292 0.321289 0.302734 0.326172 0.313802 0.335449 0.333984 0.337891 0.338542 0.340332 0.373698 0.340332 0.414714 0.336914 0.420573 0.334473 0.423177 0.330566 0.436849 0.318848 0.450521 0.302246 0.457682 0.288574 0.462891 0.287109
1 0.823568 0.455078 0.819010 0.451172 0.811849 0.448730 0.790365 0.446289 0.781901 0.453613 0.774089 0.466797 0.759115 0.478027 0.754557 0.482910 0.745443 0.485352 0.720703 0.484375 0.718099 0.486816 0.718750 0.493652 0.723958 0.501465 0.727865 0.510742 0.737630 0.510742 0.747396 0.508301 0.751953 0.505859 0.766927 0.506348 0.784505 0.509766 0.796224 0.514648 0.807292 0.521484 0.811198 0.518555 0.813802 0.513672 0.813802 0.510742 0.819010 0.503906 0.819010 0.498047 0.817057 0.493164 0.817057 0.482422 0.814453 0.474609 0.815104 0.472168 0.820964 0.468262 0.824870 0.463379 0.825521 0.458008
1 0.200521 0.633301 0.196615 0.641113 0.196615 0.651855 0.203125 0.661133 0.216797 0.670898 0.227865 0.674316 0.233073 0.677734 0.235677 0.687988 0.250651 0.701660 0.266927 0.705078 0.278646 0.709961 0.290365 0.712891 0.294271 0.715820 0.294922 0.722168 0.288411 0.729492 0.286458 0.734863 0.287109 0.737305 0.293620 0.740234 0.300781 0.741699 0.314453 0.741699 0.321615 0.745605 0.332031 0.767578 0.337240 0.772949 0.341797 0.780273 0.349609 0.783691 0.363281 0.785645 0.372396 0.789062 0.395833 0.794434 0.434896 0.794434 0.442057 0.796387 0.447266 0.796387 0.453776 0.793945 0.458333 0.784668 0.468099 0.774414 0.470052 0.760254 0.473307 0.756348 0.473307 0.751953 0.455078 0.744629 0.442708 0.735352 0.436849 0.732422 0.430990 0.731445 0.427083 0.732910 0.422526 0.729492 0.421875 0.727539 0.419271 0.726562 0.415365 0.729004 0.413411 0.732422 0.410807 0.733398 0.402995 0.733398 0.399089 0.736328 0.397135 0.740234 0.392578 0.743164 0.388672 0.749023 0.377604 0.751953 0.365234 0.751953 0.369141 0.759277 0.367188 0.760254 0.363281 0.759766 0.359375 0.755859 0.358724 0.750977 0.353516 0.748535 0.349609 0.749512 0.348307 0.746582 0.350911 0.744141 0.356120 0.742676 0.359375 0.740234 0.361979 0.735840 0.365885 0.737305 0.370443 0.734863 0.371094 0.728516 0.361328 0.727539 0.356771 0.721191 0.345052 0.717773 0.338542 0.708008 0.335938 0.701172 0.336589 0.695801 0.341146 0.689941 0.333984 0.687988 0.325521 0.682617 0.315104 0.680176 0.306641 0.676758 0.302734 0.673828 0.298177 0.672852 0.276693 0.662598 0.271484 0.658691 0.259115 0.655762 0.248698 0.650879 0.242188 0.649414 0.233073 0.645020 0.220703 0.641113 0.209635 0.635254
4 0.928385 0.485352 0.915365 0.481445 0.905599 0.479980 0.892578 0.479980 0.875000 0.484375 0.854167 0.493164 0.845703 0.498047 0.828125 0.512207 0.820964 0.520020 0.814453 0.529785 0.810547 0.542969 0.809896 0.553711 0.811849 0.578613 0.809896 0.589844 0.805990 0.598145 0.803385 0.609863 0.803385 0.619141 0.806641 0.634277 0.803385 0.645020 0.804036 0.679688 0.802083 0.687012 0.794271 0.701172 0.759115 0.751953 0.749349 0.770508 0.717448 0.821289 0.710286 0.835449 0.697266 0.855469 0.692708 0.865234 0.656901 0.924805 0.646484 0.944824 0.615885 0.994141 0.614583 1.000000 0.690104 1.000000 0.730469 0.909668 0.733724 0.904785 0.759115 0.845703 0.764974 0.836426 0.766927 0.830078 0.769531 0.827637 0.774089 0.813965 0.784505 0.791016 0.787760 0.787598 0.794271 0.769531 0.798177 0.764160 0.798828 0.760254 0.803385 0.754883 0.813802 0.733398 0.814453 0.729492 0.819010 0.724121 0.819661 0.720703 0.829427 0.703613 0.846354 0.687012 0.869792 0.673828 0.905599 0.661133 0.908854 0.658203 0.919922 0.655273 0.925130 0.650391 0.929688 0.648926 0.937500 0.643066 0.954427 0.623535 0.962891 0.607910 0.968750 0.588867 0.970703 0.571289 0.969401 0.546387 0.962240 0.524902 0.951172 0.503906 0.943359 0.495117
4 0.259115 0.244629 0.250651 0.247559 0.235026 0.259766 0.226562 0.269043 0.219401 0.274414 0.216797 0.279297 0.203125 0.289062 0.201172 0.291992 0.188802 0.301758 0.171224 0.318359 0.140625 0.340332 0.126302 0.353027 0.116536 0.368652 0.108073 0.403320 0.100260 0.414062 0.084635 0.428711 0.046224 0.456055 0.027995 0.472656 0.001953 0.492676 0.000000 0.492676 0.000000 0.545410 0.001953 0.545410 0.024089 0.523438 0.053385 0.497559 0.085938 0.465332 0.115885 0.438477 0.128255 0.429199 0.143880 0.422363 0.154948 0.419922 0.164714 0.414551 0.171875 0.412109 0.181641 0.406250 0.186849 0.404785 0.192708 0.400879 0.203776 0.390137 0.218099 0.381348 0.227214 0.370117 0.244792 0.356934 0.253255 0.354980 0.263021 0.350586 0.266276 0.346680 0.277344 0.339844 0.282552 0.332031 0.289062 0.327637 0.300130 0.315918 0.303385 0.313965 0.313151 0.301270 0.318359 0.296875 0.320964 0.292480 0.321615 0.287109 0.319010 0.285645 0.313802 0.286133 0.308594 0.291016 0.297526 0.297363 0.291016 0.303711 0.287760 0.303223 0.291016 0.291504 0.297526 0.287598 0.302734 0.277344 0.302734 0.273926 0.299479 0.270996 0.296875 0.270996 0.288411 0.273438 0.285807 0.275391 0.285156 0.271973 0.282552 0.270020 0.282552 0.267578 0.285156 0.265625 0.285807 0.263184 0.283854 0.258789 0.279948 0.257324 0.274740 0.257812 0.270833 0.260742 0.266927 0.261230 0.261719 0.264648 0.259115 0.268555 0.255208 0.268555 0.254557 0.267578 0.259115 0.264648 0.258464 0.259277 0.261719 0.255371 0.263672 0.247070
5 0.486328 0.481445 0.482422 0.485352 0.477214 0.487305 0.473958 0.491699 0.470052 0.493164 0.466797 0.504395 0.464844 0.519043 0.465495 0.531738 0.468099 0.541016 0.469401 0.554199 0.485026 0.583008 0.500651 0.597168 0.509766 0.602051 0.516927 0.608398 0.520182 0.609375 0.527344 0.614746 0.536458 0.617188 0.544922 0.621094 0.576172 0.628418 0.590495 0.629395 0.607422 0.627930 0.615234 0.625000 0.621094 0.619141 0.624349 0.608887 0.623698 0.603027 0.619792 0.599121 0.614583 0.596191 0.610026 0.596191 0.606771 0.600098 0.587891 0.598633 0.580078 0.595703 0.575521 0.599609 0.567057 0.595703 0.557292 0.593750 0.548828 0.587891 0.536458 0.584473 0.531901 0.579102 0.524740 0.574707 0.518880 0.563965 0.509115 0.559082 0.505859 0.552734 0.500651 0.547852 0.498698 0.541016 0.494141 0.539551 0.491536 0.536133 0.490885 0.517090 0.492188 0.501465 0.491536 0.498535 0.486979 0.494629 0.489583 0.493164 0.490885 0.489746 0.492839 0.491211 0.494792 0.490723 0.494792 0.489258 0.492188 0.488770 0.491536 0.486816 0.493490 0.485352 0.497396 0.484863 0.499349 0.483398 0.499349 0.481445 0.496745 0.479492
5 0.376302 0.552246 0.373047 0.556152 0.369141 0.569336 0.364583 0.599121 0.361328 0.606934 0.355469 0.631348 0.347005 0.651367 0.347005 0.657715 0.356771 0.662598 0.360677 0.668945 0.378906 0.683105 0.399740 0.689453 0.413411 0.690430 0.427734 0.685059 0.435547 0.665527 0.438802 0.650391 0.444010 0.639160 0.445964 0.623535 0.444010 0.614258 0.436198 0.601562 0.430990 0.596680 0.429688 0.593750 0.423177 0.588867 0.419922 0.578613 0.411458 0.571289 0.407552 0.564453 0.378906 0.552246
5 0.225911 0.562988 0.224609 0.563965 0.224609 0.568848 0.229167 0.576660 0.236328 0.582520 0.251302 0.585449 0.279948 0.597168 0.287109 0.607910 0.300781 0.622559 0.311849 0.630859 0.330078 0.647949 0.337891 0.653809 0.342448 0.654785 0.350260 0.642090 0.358724 0.614746 0.358073 0.607422 0.351562 0.601074 0.341797 0.593750 0.310547 0.577637 0.299479 0.574707 0.295573 0.571777 0.289714 0.570312 0.280599 0.564941 0.268229 0.561035 0.263021 0.558105 0.241536 0.557617 0.235677 0.558594 0.231771 0.562012
5 0.173177 0.529785 0.168620 0.533203 0.170573 0.541016 0.169922 0.544434 0.171875 0.549316 0.171875 0.560059 0.169271 0.562988 0.164062 0.563965 0.162109 0.567383 0.158203 0.568359 0.155599 0.571777 0.156901 0.583984 0.158203 0.585449 0.161458 0.585938 0.171875 0.593750 0.184896 0.599609 0.195312 0.617676 0.201823 0.621582 0.206380 0.629395 0.216797 0.637695 0.221354 0.638184 0.226562 0.642090 0.234375 0.645508 0.277995 0.660645 0.282552 0.664062 0.287109 0.665039 0.297526 0.671875 0.306641 0.675781 0.333984 0.684082 0.337891 0.687012 0.346354 0.687500 0.354167 0.686035 0.365885 0.681641 0.366536 0.677246 0.361979 0.673828 0.360026 0.670410 0.354818 0.665527 0.348307 0.663574 0.343750 0.660156 0.342448 0.657715 0.307943 0.628418 0.291667 0.613281 0.281250 0.599121 0.259766 0.588379 0.252604 0.587402 0.248047 0.584961 0.236979 0.583984 0.227865 0.576172 0.222656 0.568359 0.220052 0.561035 0.213542 0.556152 0.214844 0.552734 0.211589 0.549316 0.212240 0.543945 0.209635 0.541504 0.212240 0.539551 0.221354 0.537598 0.216797 0.532227 0.207031 0.530762 0.200521 0.532227 0.197917 0.531738 0.190104 0.526367 0.186198 0.528320 0.180990 0.527832 0.177734 0.529785
5 0.240885 0.400879 0.235677 0.404297 0.231771 0.403320 0.229818 0.404785 0.225911 0.413574 0.222005 0.417480 0.215495 0.418945 0.217448 0.426758 0.214193 0.430176 0.210286 0.438477 0.210286 0.449707 0.211589 0.453125 0.218750 0.459473 0.218099 0.462402 0.221354 0.463867 0.225911 0.463379 0.230469 0.457031 0.233073 0.455566 0.233073 0.451172 0.238281 0.443848 0.242839 0.439941 0.247396 0.437988 0.252604 0.439941 0.260417 0.433105 0.260417 0.429688 0.259115 0.428711 0.251953 0.427246 0.248047 0.423340 0.238281 0.420410 0.235026 0.417480 0.240885 0.407715 0.244141 0.404785 0.243490 0.402344
5 0.323568 0.415039 0.322917 0.419922 0.325521 0.421875 0.333333 0.420410 0.335938 0.422852 0.344401 0.424805 0.373047 0.436523 0.388021 0.439453 0.391927 0.437988 0.393880 0.438477 0.398438 0.442383 0.399089 0.444824 0.405599 0.449219 0.406901 0.452148 0.411458 0.454102 0.422526 0.469238 0.425781 0.470215 0.438802 0.469727 0.445312 0.471680 0.452474 0.475586 0.464844 0.487305 0.471354 0.488281 0.484375 0.478516 0.485677 0.475586 0.485026 0.471680 0.475260 0.457520 0.460938 0.445312 0.442057 0.433594 0.425130 0.415039 0.416667 0.410156 0.395182 0.405273 0.368490 0.404297 0.349609 0.406250 0.331380 0.412598 0.330078 0.416016 0.327474 0.413086
5 0.636068 0.356445 0.630859 0.352051 0.627604 0.351074 0.613281 0.352051 0.604167 0.350586 0.600260 0.351074 0.591797 0.348145 0.580078 0.349609 0.569661 0.347656 0.548177 0.347656 0.537760 0.346191 0.509115 0.346680 0.489583 0.344238 0.485677 0.344727 0.481120 0.348145 0.475260 0.349609 0.441406 0.351074 0.434896 0.349121 0.425130 0.348633 0.410156 0.355469 0.375000 0.356445 0.337240 0.360352 0.329427 0.364258 0.326823 0.368652 0.325521 0.377441 0.328125 0.381836 0.333984 0.384277 0.354167 0.384766 0.373698 0.387207 0.393880 0.387695 0.410807 0.386719 0.422526 0.384766 0.485677 0.383301 0.496745 0.381836 0.501953 0.378418 0.537760 0.383301 0.555339 0.387207 0.577474 0.387207 0.584635 0.385254 0.588542 0.375977 0.591797 0.375488 0.601562 0.378906 0.611979 0.378418 0.615234 0.376953 0.623698 0.370605 0.625651 0.367188 0.634115 0.362305
5 0.650391 0.386230 0.642578 0.390137 0.639974 0.395020 0.646484 0.428223 0.645833 0.435547 0.640625 0.445801 0.640625 0.455566 0.648438 0.462891 0.657552 0.464844 0.670573 0.465332 0.673177 0.466797 0.685547 0.467773 0.699870 0.461426 0.707031 0.455566 0.716797 0.453613 0.721354 0.450195 0.724609 0.439941 0.727214 0.436035 0.727865 0.431152 0.730469 0.428711 0.733724 0.420898 0.733724 0.416016 0.722005 0.408203 0.703776 0.403809 0.699870 0.400879 0.677083 0.391602 0.666667 0.388672
