0 0.441220 0.352513 0.511409 0.352513 0.511409 0.417659 0.441220 0.417659
0 0.617312 0.462302 0.712054 0.462302 0.712054 0.582011 0.617312 0.582011
0 0.571677 0.585648 0.674603 0.585648 0.674603 0.719577 0.571677 0.719577
5 0.345238 0.291667 0.393353 0.291667 0.393353 0.356481 0.345238 0.356481
5 0.406746 0.232804 0.510913 0.232804 0.510913 0.299272 0.406746 0.299272
5 0.296875 0.448743 0.324653 0.448743 0.324653 0.495370 0.296875 0.495370
5 0.390873 0.348545 0.412202 0.348545 0.412202 0.388228 0.390873 0.388228
5 0.601687 0.390873 0.636409 0.390873 0.636409 0.463624 0.601687 0.463624
5 0.538442 0.265873 0.604415 0.265873 0.604415 0.337963 0.538442 0.337963
5 0.611111 0.271164 0.693700 0.271164 0.693700 0.348214 0.611111 0.348214
5 0.460565 0.273479 0.514385 0.273479 0.514385 0.375661 0.460565 0.375661
0 0.498760 0.336640 0.608879 0.336640 0.608879 0.495040 0.498760 0.495040
0 0.384673 0.310847 0.486111 0.310847 0.486111 0.488426 0.384673 0.488426
5 0.363839 0.460648 0.388889 0.460648 0.388889 0.502646 0.363839 0.502646
5 0.414187 0.475860 0.441716 0.475860 0.441716 0.511574 0.414187 0.511574
0 0.371776 0.501984 0.440972 0.501984 0.440972 0.624339 0.371776 0.624339
0 0.442212 0.436839 0.546379 0.436839 0.546379 0.667659 0.442212 0.667659
0 0.372024 0.527116 0.472966 0.527116 0.472966 0.662698 0.372024 0.662698
5 0.335813 0.573082 0.358631 0.573082 0.358631 0.610119 0.335813 0.610119
5 0.354911 0.688492 0.377728 0.688492 0.377728 0.741402 0.354911 0.741402
5 0.489583 0.643519 0.536706 0.643519 0.536706 0.705357 0.489583 0.705357
5 0.375248 0.585648 0.445933 0.585648 0.445933 0.725198 0.375248 0.725198
5 0.545387 0.553241 0.586806 0.553241 0.586806 0.608796 0.545387 0.608796
5 0.586806 0.503638 0.607887 0.503638 0.607887 0.541336 0.586806 0.541336
0 0.511409 0.381283 0.509177 0.378638 0.507937 0.375331 0.505456 0.371693 0.502728 0.370040 0.501488 0.368386 0.501488 0.365079 0.500000 0.357804 0.498760 0.355820 0.494296 0.353175 0.491567 0.352513 0.487847 0.352844 0.486111 0.353836 0.482391 0.359788 0.474702 0.369378 0.469494 0.372354 0.462054 0.383598 0.461062 0.386905 0.459325 0.389220 0.455357 0.390542 0.448661 0.390212 0.446677 0.390873 0.443948 0.396164 0.443204 0.399802 0.441220 0.403770 0.441964 0.411045 0.442708 0.412698 0.450397 0.417659 0.451637 0.417328 0.455109 0.414021 0.461558 0.412698 0.468750 0.413029 0.472470 0.412368 0.478671 0.413690 0.481647 0.415675 0.482887 0.415675 0.484375 0.414021 0.487103 0.413029 0.491567 0.407407 0.494792 0.404431 0.503720 0.392857 0.506944 0.390873 0.510913 0.384590
0 0.702381 0.487103 0.700645 0.485119 0.696429 0.483135 0.692708 0.479828 0.689236 0.478505 0.684524 0.474206 0.677579 0.471230 0.668155 0.468585 0.661706 0.464947 0.654514 0.462302 0.650546 0.462632 0.642857 0.466931 0.638889 0.469907 0.635169 0.474206 0.632192 0.480159 0.626240 0.487434 0.623264 0.497024 0.621032 0.501323 0.619544 0.505952 0.617808 0.517857 0.617312 0.533730 0.618304 0.547950 0.620784 0.560516 0.623016 0.564484 0.625000 0.572751 0.626736 0.576389 0.628472 0.578704 0.631200 0.580357 0.650050 0.580357 0.660218 0.582011 0.665923 0.581680 0.673611 0.577050 0.677827 0.576389 0.683284 0.573743 0.689732 0.568783 0.692212 0.565146 0.694692 0.563161 0.698413 0.557870 0.701141 0.552249 0.705357 0.540013 0.707093 0.536706 0.707837 0.533399 0.710069 0.529762 0.712054 0.519841 0.712054 0.513228 0.710317 0.502315
0 0.628968 0.585648 0.626240 0.585648 0.622272 0.587302 0.617063 0.587963 0.612351 0.587302 0.603175 0.587963 0.599702 0.591931 0.595486 0.594246 0.594246 0.595899 0.592758 0.600529 0.587550 0.608135 0.581349 0.630291 0.577877 0.634259 0.575397 0.640212 0.572669 0.642857 0.571677 0.645172 0.571677 0.647487 0.575397 0.650794 0.576141 0.654431 0.579117 0.658730 0.582093 0.668320 0.585069 0.674272 0.585813 0.677910 0.585813 0.682540 0.589286 0.691138 0.590278 0.695106 0.592014 0.697751 0.593502 0.702050 0.601687 0.711310 0.607143 0.715608 0.614583 0.718254 0.621280 0.719577 0.630456 0.719577 0.635417 0.717923 0.640625 0.714616 0.646329 0.709656 0.651538 0.703042 0.656994 0.694114 0.658730 0.689815 0.662698 0.685847 0.664683 0.679233 0.667163 0.674603 0.670139 0.659722 0.672619 0.653770 0.672867 0.650794 0.674603 0.644180 0.674603 0.642196 0.673115 0.637897 0.672371 0.631283 0.671131 0.626984 0.662698 0.611442 0.658730 0.607143 0.654762 0.598214 0.651042 0.594246 0.643849 0.591601 0.635665 0.586971
5 0.380952 0.292328 0.376736 0.291667 0.369792 0.299603 0.364335 0.310185 0.360367 0.314484 0.356399 0.322751 0.345982 0.337963 0.345238 0.340608 0.345486 0.345899 0.352431 0.354828 0.357887 0.356481 0.361607 0.353175 0.365575 0.351190 0.369048 0.346892 0.373512 0.343585 0.377232 0.338624 0.385417 0.330026 0.389633 0.323743 0.393353 0.315146 0.393105 0.311839 0.392113 0.308862 0.389137 0.303241
5 0.510417 0.243056 0.507937 0.238095 0.506448 0.236772 0.501736 0.234788 0.498264 0.235780 0.494792 0.234458 0.477927 0.234458 0.475198 0.236442 0.473214 0.239087 0.470982 0.239749 0.462798 0.232804 0.459077 0.233466 0.457341 0.236772 0.453621 0.238426 0.450645 0.241071 0.447173 0.242063 0.443948 0.245040 0.439732 0.247354 0.437500 0.250992 0.437748 0.256614 0.436260 0.260582 0.433284 0.261905 0.430804 0.261905 0.428323 0.260913 0.421627 0.260913 0.415179 0.263558 0.411706 0.270503 0.409722 0.276786 0.408234 0.279101 0.406994 0.282738 0.406746 0.291005 0.407738 0.294643 0.411458 0.298611 0.420139 0.299272 0.422619 0.297288 0.427331 0.295304 0.431300 0.289352 0.435764 0.291336 0.440476 0.291667 0.443700 0.289683 0.446429 0.284722 0.449157 0.282738 0.450645 0.279101 0.454117 0.278439 0.456597 0.276786 0.458581 0.276455 0.462798 0.271164 0.467758 0.269511 0.470486 0.266534 0.472222 0.266865 0.475942 0.269511 0.482143 0.271164 0.487599 0.274140 0.490327 0.274471 0.494544 0.273148 0.497768 0.273148 0.503472 0.274471 0.507440 0.274140 0.509921 0.272156 0.510913 0.268519 0.510913 0.247354
5 0.304563 0.449735 0.303075 0.450728 0.300595 0.454365 0.298363 0.463624 0.296875 0.478505 0.297123 0.490741 0.298859 0.492725 0.301587 0.493386 0.306300 0.493386 0.314484 0.495370 0.319940 0.494709 0.322173 0.492394 0.323661 0.487434 0.324653 0.468585 0.324405 0.462302 0.323413 0.458003 0.321429 0.454365 0.311012 0.448743
5 0.395337 0.348545 0.393353 0.349537 0.391617 0.353505 0.390873 0.373677 0.391369 0.379960 0.392361 0.383929 0.395337 0.387566 0.397321 0.388228 0.401042 0.386243 0.404266 0.383267 0.411458 0.374008 0.412202 0.369378 0.403770 0.354828 0.399058 0.351190 0.397569 0.349206
5 0.619296 0.390873 0.614831 0.393188 0.608879 0.400794 0.606895 0.404762 0.603175 0.408069 0.601687 0.414352 0.601687 0.418651 0.603175 0.423942 0.605159 0.427249 0.607639 0.429894 0.610615 0.430886 0.611855 0.432209 0.611607 0.434524 0.610119 0.438161 0.610119 0.441799 0.612847 0.452381 0.618056 0.458995 0.625248 0.463294 0.627480 0.463624 0.631448 0.459325 0.632192 0.455357 0.632192 0.451389 0.631448 0.447090 0.627232 0.444114 0.625000 0.440146 0.625992 0.438823 0.628472 0.437500 0.630704 0.433862 0.633433 0.424272 0.633929 0.419974 0.635913 0.415675 0.636409 0.411706 0.636161 0.407407 0.632937 0.400132 0.630208 0.396495 0.624008 0.391865
5 0.603423 0.266204 0.600198 0.265873 0.595486 0.267526 0.593006 0.272487 0.588294 0.275794 0.584573 0.280754 0.580109 0.283730 0.578373 0.287368 0.575149 0.290344 0.571677 0.294974 0.567708 0.302579 0.561756 0.309854 0.556052 0.314484 0.553323 0.318452 0.548859 0.321759 0.544395 0.327381 0.539683 0.330357 0.538442 0.333003 0.538442 0.334656 0.540179 0.336310 0.543899 0.337963 0.547123 0.337963 0.552083 0.336640 0.559524 0.330688 0.563740 0.325728 0.568204 0.321759 0.571677 0.316799 0.576389 0.312500 0.582093 0.304563 0.583581 0.303571 0.589534 0.293981 0.600942 0.278770 0.604415 0.271495 0.604167 0.267857
5 0.693204 0.272156 0.689484 0.271164 0.685020 0.275463 0.683532 0.280423 0.670635 0.297619 0.665179 0.300595 0.660466 0.304894 0.657986 0.305886 0.654514 0.311177 0.651290 0.312500 0.648065 0.312831 0.646081 0.315476 0.643353 0.315146 0.642361 0.314153 0.647321 0.312169 0.647569 0.310847 0.646577 0.306878 0.646081 0.306217 0.642113 0.306217 0.641369 0.303241 0.637897 0.298942 0.629464 0.296627 0.622520 0.297950 0.619048 0.299603 0.616319 0.303241 0.615575 0.306217 0.613591 0.310185 0.612103 0.315807 0.611111 0.323082 0.612847 0.330688 0.615079 0.334987 0.617560 0.337963 0.619296 0.342262 0.623264 0.343585 0.626488 0.346561 0.648065 0.346561 0.653522 0.348214 0.656746 0.346561 0.658482 0.342923 0.658482 0.340939 0.656994 0.337632 0.658978 0.335317 0.658978 0.332341 0.656498 0.327381 0.656746 0.321759 0.658234 0.319444 0.662450 0.316138 0.665179 0.312831 0.669395 0.310847 0.672123 0.307870 0.678075 0.303902 0.684524 0.296296 0.687748 0.293320 0.690724 0.291667 0.693204 0.287368 0.692956 0.282077 0.693700 0.279101
5 0.474950 0.273479 0.474206 0.276124 0.475694 0.279762 0.475694 0.283730 0.474702 0.284392 0.470486 0.284392 0.467014 0.285714 0.462054 0.290013 0.460565 0.294312 0.462054 0.302579 0.464782 0.305886 0.466518 0.310847 0.469246 0.311839 0.474206 0.312169 0.477927 0.310847 0.482887 0.307540 0.486111 0.303902 0.487351 0.304233 0.488591 0.305886 0.491319 0.311839 0.492808 0.319114 0.491319 0.322090 0.487351 0.322751 0.485863 0.324074 0.483879 0.330026 0.485367 0.338955 0.487103 0.341931 0.491319 0.345569 0.494296 0.350198 0.496280 0.351190 0.500496 0.355489 0.502232 0.361442 0.505208 0.365079 0.509177 0.374669 0.511161 0.375661 0.513393 0.375661 0.514385 0.374008 0.514385 0.368386 0.513145 0.365079 0.508681 0.359127 0.506696 0.353505 0.499256 0.343915 0.498760 0.341931 0.498512 0.337632 0.499008 0.335979 0.506200 0.330026 0.505704 0.325728 0.500496 0.318783 0.498760 0.310847 0.498512 0.304233 0.496776 0.298280 0.496528 0.293981 0.497272 0.290013 0.496528 0.286706 0.490823 0.280423 0.486855 0.278770 0.483135 0.273479
0 0.505704 0.337632 0.502232 0.341931 0.501736 0.343915 0.501984 0.346892 0.506944 0.352513 0.509177 0.358135 0.513393 0.361111 0.514385 0.365410 0.515377 0.375000 0.516617 0.376323 0.522817 0.376653 0.524058 0.378307 0.524306 0.381944 0.522073 0.388228 0.518105 0.390542 0.515873 0.393188 0.515129 0.396825 0.513145 0.401124 0.507192 0.406746 0.504712 0.407738 0.502232 0.411376 0.502232 0.412698 0.504960 0.415675 0.506696 0.419312 0.505952 0.420635 0.501984 0.422950 0.500248 0.425595 0.498760 0.432540 0.499008 0.437169 0.500248 0.438492 0.502728 0.439153 0.504960 0.440807 0.506448 0.440807 0.507937 0.438823 0.514385 0.434193 0.517113 0.430556 0.519345 0.430556 0.521825 0.431878 0.523562 0.435185 0.524058 0.440146 0.522817 0.447090 0.523065 0.451720 0.521825 0.454034 0.520337 0.455026 0.520337 0.456019 0.521825 0.457011 0.528770 0.458003 0.530506 0.459987 0.533978 0.467593 0.533978 0.470238 0.534722 0.471561 0.537698 0.473214 0.540427 0.476190 0.543155 0.477513 0.548115 0.482143 0.555804 0.485780 0.558036 0.488757 0.560268 0.489749 0.562500 0.492063 0.564732 0.492394 0.571677 0.486442 0.572917 0.486111 0.576389 0.488095 0.580357 0.493717 0.584077 0.495040 0.587798 0.491071 0.591766 0.488095 0.593006 0.486111 0.593750 0.481812 0.599206 0.471230 0.601190 0.462632 0.601935 0.455026 0.604167 0.452712 0.607639 0.452381 0.608879 0.451058 0.608631 0.447421 0.604167 0.439153 0.603423 0.435185 0.600694 0.428571 0.600198 0.425926 0.597222 0.419312 0.595238 0.416336 0.592758 0.407407 0.581101 0.397156 0.573413 0.386574 0.569196 0.378968 0.563492 0.372354 0.561756 0.368717 0.557044 0.364749 0.552579 0.359127 0.543403 0.352844 0.540427 0.351852 0.537202 0.348876 0.533482 0.347222 0.529762 0.344246 0.517361 0.340278 0.513889 0.336971 0.508185 0.336640
0 0.483879 0.313492 0.479911 0.312169 0.475446 0.313161 0.467262 0.312831 0.462798 0.310847 0.458829 0.310847 0.454613 0.312169 0.450397 0.319444 0.445188 0.321429 0.442708 0.321429 0.437500 0.319114 0.426835 0.317791 0.423611 0.318783 0.420139 0.321429 0.416419 0.323082 0.409970 0.330026 0.408482 0.333333 0.407738 0.337302 0.406994 0.356812 0.407490 0.358796 0.409722 0.361111 0.414187 0.369048 0.413938 0.372685 0.408978 0.377315 0.404018 0.384259 0.396329 0.391865 0.394345 0.396825 0.392113 0.400463 0.391865 0.404101 0.390129 0.408399 0.389385 0.414021 0.386409 0.421296 0.385417 0.425926 0.385417 0.428571 0.387897 0.438823 0.387897 0.440807 0.384673 0.455026 0.386409 0.459656 0.391865 0.465939 0.395585 0.467593 0.395337 0.479497 0.396577 0.486772 0.400050 0.488426 0.403770 0.485780 0.406994 0.480489 0.416419 0.471892 0.419643 0.466270 0.420635 0.462963 0.424355 0.458664 0.425099 0.455357 0.422123 0.451389 0.421627 0.449074 0.422619 0.433532 0.424107 0.427249 0.425595 0.425265 0.428075 0.423942 0.435268 0.423942 0.437748 0.415013 0.439980 0.412037 0.441964 0.407738 0.442460 0.403770 0.443452 0.401124 0.446925 0.395503 0.448909 0.393188 0.452133 0.391865 0.458581 0.385582 0.472966 0.367063 0.475198 0.365410 0.483135 0.356481 0.485863 0.347222 0.485615 0.340608 0.483631 0.333003 0.483383 0.329034 0.486111 0.317460
5 0.387401 0.462302 0.385169 0.460648 0.383929 0.460648 0.381448 0.462302 0.379712 0.467262 0.376736 0.472222 0.375248 0.477183 0.373264 0.479828 0.367063 0.485450 0.364583 0.489418 0.363839 0.493386 0.364087 0.494709 0.368304 0.499669 0.372520 0.501984 0.376736 0.502646 0.380456 0.500661 0.381696 0.499008 0.385665 0.476521 0.388889 0.467262 0.388393 0.463955
5 0.433780 0.478175 0.431300 0.476521 0.426835 0.475860 0.424107 0.476521 0.421875 0.478836 0.421627 0.490410 0.415427 0.499008 0.414187 0.502315 0.414683 0.507606 0.415923 0.510582 0.418403 0.511574 0.421131 0.511574 0.427083 0.509921 0.431548 0.507606 0.435764 0.507275 0.437748 0.505952 0.440476 0.502646 0.441716 0.498677 0.441220 0.493386 0.437252 0.487103
0 0.399802 0.502976 0.395833 0.508267 0.392609 0.525794 0.394345 0.531415 0.395833 0.533069 0.400050 0.531415 0.403770 0.531085 0.407738 0.532407 0.408482 0.533730 0.407490 0.535384 0.407490 0.537698 0.409970 0.539021 0.410466 0.541336 0.407738 0.543320 0.406002 0.545966 0.404514 0.546958 0.399554 0.546958 0.391865 0.549603 0.388145 0.552579 0.384673 0.552910 0.380208 0.559854 0.375248 0.565476 0.371776 0.579696 0.371776 0.588955 0.372768 0.593915 0.376240 0.602844 0.384177 0.612434 0.392857 0.615741 0.400298 0.622354 0.403522 0.624339 0.406002 0.624339 0.411954 0.623016 0.413938 0.619709 0.415923 0.604167 0.414683 0.590939 0.415427 0.587963 0.416419 0.586640 0.421131 0.583333 0.423611 0.582672 0.427331 0.583003 0.429315 0.584656 0.431548 0.592262 0.435516 0.592923 0.436260 0.591931 0.437004 0.588955 0.436756 0.583333 0.440972 0.560847 0.440228 0.553571 0.438988 0.549272 0.438740 0.536706 0.437996 0.533069 0.437748 0.526124 0.436508 0.520833 0.435020 0.518849 0.430308 0.515542 0.425347 0.514220 0.418899 0.515212 0.415675 0.513889 0.413690 0.511574 0.412698 0.505952 0.411954 0.504960 0.407738 0.503968 0.404514 0.501984
0 0.472222 0.437500 0.469990 0.438492 0.469246 0.439815 0.467758 0.451058 0.466518 0.452712 0.462054 0.454365 0.461062 0.455688 0.459325 0.461640 0.457837 0.463955 0.450645 0.468254 0.447173 0.471561 0.445933 0.474206 0.445188 0.477183 0.445188 0.483135 0.443948 0.489087 0.443452 0.502315 0.442212 0.508929 0.442708 0.513889 0.444444 0.517196 0.443948 0.521164 0.443948 0.534392 0.444692 0.538690 0.445188 0.548611 0.446181 0.552249 0.446181 0.557209 0.447669 0.561508 0.450893 0.565476 0.452133 0.582011 0.453869 0.588294 0.453869 0.591601 0.456597 0.594246 0.457341 0.596892 0.459325 0.599537 0.458333 0.603175 0.460565 0.607143 0.460317 0.608466 0.458581 0.610780 0.459077 0.615741 0.455605 0.619709 0.454613 0.622354 0.454613 0.627315 0.455853 0.628638 0.462054 0.630622 0.466270 0.632937 0.468006 0.635251 0.469494 0.639881 0.476935 0.649471 0.478175 0.652447 0.483631 0.659392 0.484871 0.662368 0.488343 0.666667 0.489831 0.667659 0.491567 0.667659 0.498512 0.663029 0.499504 0.661706 0.500248 0.659061 0.501984 0.657077 0.514137 0.657407 0.517857 0.655093 0.522321 0.649802 0.526786 0.642526 0.530010 0.639220 0.533482 0.632275 0.536210 0.629630 0.537946 0.626653 0.538938 0.623347 0.539435 0.618717 0.542411 0.611772 0.544891 0.603175 0.544643 0.597553 0.543651 0.591931 0.543651 0.586640 0.546379 0.566138 0.545883 0.556878 0.543899 0.547950 0.543403 0.537368 0.542659 0.533399 0.543403 0.530093 0.542659 0.518849 0.543155 0.512235 0.542411 0.506944 0.540179 0.502315 0.539187 0.497354 0.537946 0.494709 0.539187 0.491071 0.539187 0.489087 0.537698 0.480820 0.536706 0.478836 0.533730 0.479497 0.532986 0.478505 0.532490 0.474537 0.530506 0.470899 0.531498 0.467923 0.531498 0.465278 0.530010 0.461971 0.526042 0.459987 0.521825 0.459656 0.518601 0.457672 0.517113 0.458003 0.514633 0.460317 0.505208 0.458995 0.502728 0.457341 0.501240 0.457341 0.499008 0.458664 0.496032 0.458664 0.492808 0.456680 0.489831 0.456349 0.487351 0.454696 0.489831 0.452050 0.494792 0.453704 0.500496 0.451720 0.500744 0.450397 0.499256 0.446429 0.490327 0.438823 0.479663 0.436839
0 0.375992 0.564153 0.373512 0.572090 0.373264 0.576058 0.372024 0.579365 0.372024 0.591601 0.376488 0.603505 0.379712 0.608796 0.388145 0.613426 0.391121 0.616402 0.395585 0.618386 0.400298 0.623677 0.404018 0.625992 0.410962 0.624339 0.413194 0.622685 0.413442 0.619048 0.415923 0.616071 0.415923 0.614087 0.414931 0.611111 0.417659 0.608135 0.417907 0.606812 0.416915 0.603836 0.418651 0.600198 0.418155 0.596230 0.421627 0.592262 0.421379 0.587963 0.423363 0.585979 0.426835 0.586640 0.427827 0.588294 0.428323 0.591931 0.426587 0.595238 0.425843 0.599868 0.423611 0.606481 0.425099 0.611111 0.423611 0.617725 0.423611 0.621032 0.424851 0.625331 0.427827 0.631283 0.430804 0.642857 0.435268 0.647817 0.437500 0.653108 0.442708 0.659392 0.447421 0.660384 0.449653 0.659061 0.452381 0.658730 0.456597 0.661045 0.459573 0.661376 0.462302 0.662698 0.466518 0.661706 0.468502 0.659722 0.472718 0.650794 0.472966 0.645503 0.471726 0.642857 0.467262 0.638558 0.466518 0.634259 0.463294 0.635251 0.459821 0.634259 0.456349 0.630952 0.454613 0.627646 0.455605 0.619709 0.458829 0.615079 0.458581 0.609788 0.459325 0.603175 0.455357 0.597884 0.453621 0.597222 0.452381 0.595238 0.450149 0.593585 0.444940 0.583995 0.444196 0.574074 0.444692 0.566799 0.444196 0.564153 0.438244 0.556548 0.439236 0.552249 0.436756 0.544312 0.436260 0.540013 0.434524 0.538360 0.433532 0.534722 0.430308 0.533730 0.430308 0.532738 0.431796 0.531746 0.433780 0.531746 0.435268 0.533730 0.434276 0.527447 0.430804 0.527116 0.429563 0.528108 0.428819 0.530754 0.424603 0.531746 0.421627 0.534722 0.421379 0.537368 0.423115 0.540675 0.422619 0.543981 0.423115 0.546627 0.425099 0.546627 0.426339 0.542328 0.427331 0.541667 0.429315 0.541997 0.429067 0.545635 0.427579 0.546958 0.426091 0.546958 0.424603 0.549603 0.422867 0.549603 0.421379 0.547619 0.418899 0.547619 0.417163 0.549934 0.414435 0.550926 0.412698 0.553902 0.411458 0.553902 0.409722 0.551918 0.408234 0.551587 0.405754 0.555556 0.403522 0.556878 0.405010 0.559854 0.404018 0.560847 0.401290 0.559193 0.399554 0.559193 0.397073 0.561177 0.395585 0.561177 0.393353 0.560185 0.391369 0.556548 0.390129 0.555556 0.384921 0.554894 0.380456 0.560847
5 0.357391 0.576058 0.354911 0.574405 0.349454 0.573082 0.345238 0.573082 0.341766 0.575397 0.338790 0.583995 0.336558 0.594907 0.335813 0.604497 0.337302 0.608466 0.341022 0.609788 0.345486 0.610119 0.349702 0.609458 0.351935 0.607143 0.355655 0.596561 0.358631 0.583995 0.358631 0.579365
5 0.373264 0.688492 0.370784 0.689153 0.368552 0.691468 0.366071 0.702050 0.361607 0.712963 0.360119 0.718585 0.357639 0.721561 0.355159 0.728505 0.354911 0.733135 0.357391 0.737434 0.361359 0.741402 0.365823 0.740410 0.369792 0.736442 0.372272 0.732474 0.372024 0.728505 0.371032 0.725198 0.371280 0.721230 0.373512 0.716270 0.377728 0.698082 0.376736 0.692791
5 0.536706 0.646164 0.533730 0.643519 0.532242 0.643849 0.524802 0.649471 0.520833 0.655423 0.518105 0.657738 0.513641 0.663690 0.510913 0.664021 0.505208 0.662037 0.497768 0.665344 0.495040 0.669643 0.495040 0.673611 0.496528 0.677579 0.496280 0.680225 0.493552 0.683862 0.490823 0.690807 0.489583 0.695767 0.489583 0.699074 0.490575 0.702381 0.492808 0.705026 0.494792 0.705357 0.498512 0.699735 0.500000 0.694775 0.504216 0.688492 0.509177 0.684854 0.513889 0.683862 0.515129 0.681548 0.515129 0.672619 0.521825 0.668320 0.524554 0.664021 0.527282 0.661376 0.530506 0.655754 0.536458 0.650132
5 0.423611 0.585648 0.421875 0.587963 0.421627 0.591931 0.417907 0.595569 0.417411 0.604167 0.415179 0.612765 0.413690 0.626323 0.413690 0.631614 0.412946 0.637897 0.412450 0.638558 0.406994 0.639550 0.402034 0.643519 0.396825 0.644180 0.395089 0.642196 0.394345 0.639881 0.391369 0.636243 0.390377 0.633598 0.388393 0.630952 0.385417 0.629299 0.381200 0.628638 0.378224 0.629630 0.376240 0.631614 0.375248 0.635251 0.375248 0.639881 0.376240 0.643188 0.377480 0.644841 0.381944 0.648810 0.386161 0.654101 0.388889 0.656085 0.393105 0.656415 0.401538 0.653108 0.420635 0.651455 0.424355 0.652778 0.428819 0.658069 0.431052 0.662368 0.437004 0.669974 0.438492 0.673280 0.438492 0.675595 0.436756 0.686177 0.427083 0.700397 0.425595 0.705688 0.426587 0.712963 0.429563 0.721892 0.431052 0.724206 0.436260 0.725198 0.441220 0.720569 0.441220 0.712632 0.437748 0.700728 0.438988 0.697090 0.443204 0.693122 0.444940 0.690146 0.445933 0.683862 0.445685 0.673942 0.443204 0.665675 0.430556 0.646495 0.424603 0.626984 0.423859 0.621032 0.424107 0.611772 0.425843 0.606812 0.426587 0.595899 0.427579 0.593254 0.427827 0.590608 0.427331 0.586971
5 0.575645 0.556217 0.568204 0.553571 0.563244 0.553241 0.560764 0.555225 0.559276 0.561508 0.557044 0.564153 0.553323 0.562169 0.550347 0.562169 0.549355 0.561508 0.549355 0.565146 0.551587 0.571098 0.551587 0.574405 0.550843 0.576058 0.548115 0.577381 0.546131 0.579696 0.545387 0.583003 0.545387 0.587302 0.546131 0.590278 0.547867 0.592923 0.552331 0.595569 0.554812 0.604828 0.557292 0.608135 0.561508 0.608796 0.563244 0.607143 0.565228 0.600198 0.563988 0.595569 0.563988 0.592593 0.564732 0.591601 0.572421 0.587302 0.584573 0.584987 0.586558 0.582011 0.586806 0.579034 0.585813 0.576058 0.580357 0.570437 0.579613 0.567791 0.579117 0.561508 0.577877 0.558862
5 0.591270 0.503638 0.589286 0.506614 0.588294 0.510251 0.586806 0.525463 0.588046 0.530423 0.592510 0.539021 0.594742 0.541336 0.596478 0.541336 0.599454 0.539021 0.607391 0.529101 0.607887 0.524802 0.604415 0.516865 0.598958 0.508267 0.595734 0.504630
