5 0.345734 0.112434 0.596230 0.112434 0.596230 0.281415 0.345734 0.281415
5 0.324901 0.054894 0.565724 0.054894 0.565724 0.252315 0.324901 0.252315
5 0.257937 0.070106 0.328869 0.070106 0.328869 0.420304 0.257937 0.420304
5 0.458581 0.091270 0.795387 0.091270 0.795387 0.437500 0.458581 0.437500
0 0.265377 0.240410 0.731647 0.240410 0.731647 0.765542 0.265377 0.765542
0 0.682540 0.443122 0.732143 0.443122 0.732143 0.656085 0.682540 0.656085
0 0.273810 0.573743 0.374504 0.573743 0.374504 0.725860 0.273810 0.725860
0 0.578125 0.435516 0.642857 0.435516 0.642857 0.710648 0.578125 0.710648
0 0.514881 0.582011 0.586806 0.582011 0.586806 0.756283 0.514881 0.756283
0 0.457093 0.652116 0.523313 0.652116 0.523313 0.764881 0.457093 0.764881
0 0.441468 0.367725 0.566716 0.367725 0.566716 0.600529 0.441468 0.600529
0 0.345238 0.509259 0.481399 0.509259 0.481399 0.752976 0.345238 0.752976
5 0.596230 0.126984 0.591270 0.121693 0.588542 0.120370 0.583085 0.121032 0.580605 0.120040 0.575893 0.120040 0.571925 0.117725 0.563988 0.116071 0.544147 0.115741 0.536458 0.113426 0.524306 0.112434 0.516121 0.113426 0.505456 0.116733 0.494048 0.119048 0.490327 0.121693 0.486359 0.122685 0.483383 0.124339 0.477431 0.125000 0.470486 0.126984 0.455357 0.135582 0.451389 0.139550 0.446925 0.141204 0.439236 0.146825 0.435020 0.152447 0.424355 0.158730 0.419643 0.165344 0.413442 0.170966 0.409474 0.173611 0.407490 0.175926 0.403274 0.185185 0.399306 0.187500 0.395585 0.192460 0.390873 0.196429 0.389385 0.200066 0.387897 0.202050 0.384673 0.203373 0.382440 0.206019 0.374504 0.219246 0.373016 0.225529 0.366815 0.233135 0.363095 0.235780 0.360367 0.238757 0.358135 0.243386 0.356895 0.248347 0.347222 0.252646 0.346974 0.253968 0.345734 0.255291 0.345734 0.256283 0.349206 0.255952 0.351438 0.258267 0.353423 0.259259 0.355159 0.263228 0.354167 0.267196 0.349702 0.275463 0.348710 0.279101 0.349454 0.280093 0.353423 0.281415 0.368552 0.281415 0.373264 0.279762 0.378720 0.271825 0.384673 0.268519 0.401786 0.269511 0.404514 0.268849 0.407490 0.266865 0.413690 0.265873 0.423363 0.265873 0.430060 0.266865 0.435268 0.266204 0.442212 0.256944 0.446429 0.252976 0.454861 0.241402 0.460813 0.236442 0.457837 0.232474 0.458085 0.228505 0.456597 0.224537 0.455605 0.218254 0.455853 0.212963 0.458085 0.209325 0.463294 0.206349 0.466270 0.206019 0.470734 0.203373 0.478423 0.201058 0.486359 0.196429 0.498760 0.193122 0.501984 0.188823 0.505952 0.187169 0.508681 0.181217 0.510417 0.179233 0.521329 0.175595 0.522569 0.174272 0.522321 0.171958 0.519593 0.169312 0.520833 0.166336 0.515129 0.163690 0.511161 0.159722 0.504960 0.155754 0.503472 0.153439 0.503224 0.150794 0.503720 0.149802 0.506448 0.148148 0.510665 0.147817 0.522817 0.152116 0.529762 0.153108 0.534226 0.154762 0.537698 0.153439 0.539931 0.149802 0.540923 0.146495 0.543403 0.142857 0.549107 0.140542 0.552579 0.140873 0.563988 0.146825 0.573413 0.146495 0.577629 0.144841 0.580605 0.142526 0.585069 0.140873 0.589038 0.138228 0.594494 0.132275
5 0.565228 0.075728 0.560268 0.074405 0.557540 0.072421 0.556300 0.069775 0.555804 0.063823 0.553571 0.061177 0.538690 0.060185 0.533730 0.056217 0.530258 0.054894 0.524802 0.055886 0.521329 0.058862 0.517857 0.059854 0.514385 0.058862 0.510665 0.056548 0.502976 0.057540 0.501240 0.058532 0.498264 0.062500 0.494048 0.064815 0.489831 0.068783 0.486855 0.070106 0.478175 0.071429 0.469494 0.078042 0.463790 0.085317 0.452877 0.094577 0.446925 0.101190 0.439732 0.107143 0.428819 0.117725 0.423115 0.122024 0.420139 0.125661 0.415923 0.128307 0.412698 0.132606 0.407490 0.135913 0.404018 0.140212 0.399802 0.141865 0.398065 0.143849 0.384177 0.153108 0.382192 0.155754 0.379216 0.157738 0.373512 0.165344 0.367312 0.171958 0.360863 0.177579 0.355407 0.183532 0.347966 0.189484 0.343998 0.194444 0.343006 0.196429 0.342262 0.200397 0.341270 0.201720 0.337054 0.202712 0.329613 0.209325 0.328125 0.212302 0.326389 0.223876 0.326141 0.231481 0.324901 0.240410 0.325645 0.249008 0.326885 0.250661 0.329613 0.251323 0.341270 0.251323 0.344990 0.252315 0.350446 0.251323 0.354415 0.249008 0.358879 0.243386 0.361111 0.236772 0.366319 0.233466 0.371528 0.225529 0.376240 0.216931 0.376984 0.213624 0.384177 0.204034 0.400794 0.186508 0.406002 0.179563 0.408978 0.173942 0.412946 0.170966 0.417907 0.165344 0.421131 0.163360 0.424851 0.158069 0.429067 0.156085 0.431796 0.153108 0.437004 0.149471 0.441964 0.144841 0.450149 0.139881 0.455853 0.134921 0.467262 0.129299 0.470982 0.126323 0.483879 0.124339 0.491567 0.120370 0.494048 0.118386 0.514137 0.114087 0.517857 0.112434 0.524306 0.111772 0.528274 0.112434 0.540923 0.112103 0.546627 0.107804 0.550595 0.101852 0.556300 0.095569 0.558780 0.093915 0.561756 0.089947 0.565724 0.080357
5 0.311260 0.070106 0.309772 0.070437 0.307540 0.073082 0.304067 0.079034 0.301587 0.085648 0.300595 0.090608 0.298115 0.095569 0.297619 0.099206 0.295139 0.106481 0.288938 0.118386 0.284722 0.136905 0.282738 0.142196 0.280754 0.154101 0.279018 0.158399 0.277034 0.169643 0.274554 0.174603 0.272321 0.193783 0.267857 0.212302 0.267609 0.216931 0.266617 0.220238 0.266121 0.232804 0.265129 0.240079 0.262153 0.252315 0.261161 0.277778 0.259177 0.282738 0.258929 0.286706 0.257937 0.290344 0.258433 0.308862 0.257937 0.356151 0.258929 0.370370 0.258681 0.380622 0.258929 0.387235 0.260913 0.396164 0.262153 0.408730 0.266369 0.418981 0.267609 0.420304 0.271081 0.419974 0.279266 0.413029 0.282738 0.407407 0.286210 0.404762 0.288690 0.401124 0.290923 0.393188 0.293155 0.389220 0.294395 0.385582 0.296379 0.373347 0.296875 0.361111 0.298115 0.357474 0.299107 0.347222 0.300843 0.339947 0.301091 0.334656 0.303819 0.325728 0.306796 0.307209 0.306796 0.299272 0.302827 0.294974 0.302083 0.286706 0.302827 0.284061 0.303819 0.283069 0.310764 0.281746 0.313244 0.280423 0.314236 0.278439 0.314980 0.274471 0.316964 0.271164 0.317212 0.268188 0.318948 0.264220 0.319444 0.252646 0.320933 0.248016 0.321181 0.244048 0.322917 0.240410 0.323661 0.228836 0.324901 0.225198 0.324901 0.221230 0.326141 0.217262 0.326637 0.212632 0.328125 0.208995 0.328125 0.198082 0.328869 0.194114 0.328869 0.174272 0.327381 0.166667 0.327381 0.161376 0.325645 0.157077 0.325397 0.153108 0.323413 0.143188 0.321925 0.122024 0.320188 0.111442 0.320437 0.107474 0.319196 0.100198 0.317212 0.093915 0.313988 0.074735 0.312748 0.071759
5 0.566220 0.091931 0.564732 0.093254 0.560764 0.103836 0.560516 0.107474 0.561756 0.109788 0.567460 0.111442 0.571677 0.109788 0.580357 0.110780 0.581597 0.112103 0.578621 0.114418 0.579365 0.116402 0.581845 0.116733 0.583829 0.115079 0.584821 0.117394 0.588542 0.118386 0.589782 0.120701 0.592014 0.121693 0.593998 0.123677 0.605159 0.126984 0.605159 0.127976 0.603175 0.128307 0.600942 0.129960 0.597718 0.134921 0.595238 0.136243 0.593006 0.140212 0.584821 0.142857 0.583581 0.144511 0.580357 0.145833 0.576637 0.148810 0.564236 0.149471 0.553075 0.143188 0.548363 0.143188 0.545883 0.146825 0.545387 0.149471 0.545635 0.154101 0.545139 0.155423 0.542907 0.157077 0.535466 0.157738 0.517609 0.156746 0.516617 0.157738 0.516617 0.158730 0.518105 0.161706 0.521081 0.161706 0.524058 0.164021 0.527778 0.165344 0.530258 0.168981 0.530258 0.170304 0.527282 0.172288 0.521825 0.180886 0.515129 0.181548 0.510169 0.183532 0.504216 0.191468 0.501736 0.192460 0.499256 0.194775 0.494048 0.195437 0.489831 0.197751 0.486607 0.198082 0.481895 0.202381 0.471478 0.204365 0.468998 0.205357 0.466022 0.208003 0.462302 0.208664 0.459325 0.212963 0.458581 0.219577 0.459325 0.224206 0.462550 0.228836 0.466270 0.230489 0.468998 0.233135 0.474206 0.234788 0.478919 0.238426 0.481895 0.239418 0.484871 0.242394 0.490327 0.245701 0.493056 0.249008 0.498512 0.251323 0.501240 0.256614 0.506944 0.259921 0.509673 0.264220 0.519593 0.266534 0.523810 0.268188 0.526042 0.269841 0.529266 0.270172 0.532242 0.271825 0.537698 0.271164 0.539931 0.273148 0.542659 0.274140 0.548859 0.279762 0.552579 0.280093 0.556052 0.281415 0.565476 0.282077 0.568452 0.283069 0.572669 0.282407 0.576141 0.284061 0.578869 0.284392 0.580605 0.286045 0.586806 0.285714 0.587302 0.287037 0.588294 0.287037 0.588294 0.286376 0.586806 0.285714 0.587302 0.283399 0.588542 0.283069 0.592758 0.284722 0.593750 0.286045 0.593998 0.289021 0.595982 0.290675 0.594494 0.292659 0.594494 0.295635 0.597470 0.297288 0.598710 0.299603 0.600942 0.300595 0.601687 0.304233 0.604663 0.306548 0.604167 0.307870 0.602183 0.309524 0.601438 0.311508 0.597222 0.312500 0.593998 0.315476 0.593254 0.328373 0.593502 0.334325 0.596230 0.341270 0.608631 0.358466 0.609375 0.361111 0.609871 0.373677 0.610863 0.376653 0.610367 0.378968 0.610863 0.389220 0.615575 0.391204 0.620288 0.391865 0.623760 0.395503 0.624008 0.397817 0.623512 0.400132 0.626984 0.408730 0.627232 0.411706 0.629960 0.415344 0.631944 0.419312 0.632440 0.422288 0.633681 0.424272 0.633681 0.428902 0.636409 0.430556 0.638145 0.433201 0.640873 0.435185 0.648065 0.436839 0.657490 0.437500 0.669147 0.436839 0.672867 0.437500 0.683284 0.437500 0.687748 0.436177 0.688244 0.435185 0.688244 0.431217 0.690228 0.427579 0.689484 0.423942 0.690476 0.423280 0.692708 0.424934 0.694196 0.424603 0.695685 0.422619 0.698661 0.420966 0.699901 0.418981 0.701637 0.417989 0.702381 0.416667 0.702381 0.408399 0.703621 0.406085 0.705605 0.405423 0.713542 0.405754 0.715774 0.405093 0.716766 0.403770 0.717262 0.399471 0.716022 0.398810 0.714534 0.401124 0.712054 0.401455 0.709821 0.398810 0.708333 0.398148 0.706845 0.394841 0.704613 0.393849 0.701141 0.388889 0.702381 0.385582 0.702381 0.383929 0.701389 0.381283 0.701885 0.375661 0.701141 0.373677 0.702381 0.370370 0.702381 0.368386 0.699901 0.365741 0.699901 0.364418 0.701885 0.362103 0.701885 0.360780 0.699157 0.358796 0.699157 0.356812 0.698413 0.355820 0.695933 0.354828 0.694444 0.352513 0.691964 0.352183 0.689732 0.353175 0.689236 0.349868 0.687500 0.348214 0.687004 0.345238 0.685516 0.344246 0.682044 0.345569 0.676587 0.344907 0.673363 0.345899 0.670635 0.343915 0.658482 0.343254 0.657490 0.341931 0.656994 0.339616 0.657242 0.330026 0.658730 0.329034 0.661954 0.330688 0.666171 0.329696 0.666419 0.330688 0.664435 0.331019 0.663938 0.332011 0.664187 0.336640 0.669147 0.338955 0.671131 0.338624 0.675595 0.335979 0.677331 0.332672 0.680308 0.334325 0.682540 0.334325 0.686012 0.332672 0.687252 0.331019 0.687252 0.329034 0.683284 0.326720 0.682292 0.325397 0.679563 0.325397 0.677331 0.327050 0.676091 0.325397 0.673611 0.325066 0.672371 0.323082 0.673859 0.321098 0.675843 0.321098 0.677827 0.322090 0.680060 0.319775 0.687500 0.316799 0.688492 0.314815 0.689980 0.313823 0.692708 0.314815 0.698165 0.314815 0.699901 0.316468 0.700893 0.316468 0.704613 0.313492 0.709573 0.313492 0.712550 0.312500 0.717510 0.312169 0.720734 0.309854 0.730407 0.307540 0.735615 0.304894 0.741071 0.303902 0.758929 0.297288 0.764137 0.296296 0.769593 0.293320 0.778522 0.290344 0.781498 0.288690 0.788194 0.287037 0.794643 0.282407 0.795387 0.280423 0.795139 0.276455 0.794643 0.275132 0.791667 0.273810 0.786458 0.274471 0.778770 0.278108 0.774802 0.278770 0.772073 0.281085 0.767361 0.281746 0.748760 0.289021 0.741815 0.290344 0.734623 0.293320 0.731647 0.295304 0.725446 0.297288 0.720238 0.297950 0.717262 0.299603 0.708333 0.299272 0.708333 0.298280 0.710565 0.297288 0.712302 0.291005 0.714534 0.287037 0.714534 0.278770 0.712054 0.268849 0.712550 0.262566 0.712054 0.259590 0.710069 0.255622 0.709077 0.254960 0.704613 0.255291 0.701637 0.256614 0.697173 0.256944 0.692708 0.258598 0.688740 0.261243 0.685268 0.265542 0.682540 0.264881 0.674603 0.265542 0.672867 0.262566 0.671131 0.256283 0.670139 0.244378 0.673363 0.235780 0.681300 0.235780 0.684524 0.237765 0.686508 0.237765 0.688740 0.236442 0.693700 0.236442 0.696181 0.232804 0.696181 0.228175 0.702133 0.220899 0.702877 0.218254 0.702877 0.215278 0.701885 0.211971 0.698165 0.208333 0.696181 0.205357 0.696429 0.197090 0.697421 0.194444 0.697669 0.191138 0.697421 0.186177 0.694940 0.172950 0.692460 0.166667 0.686260 0.156085 0.674603 0.145172 0.666419 0.145503 0.661954 0.139550 0.647073 0.135913 0.642113 0.137235 0.639137 0.141204 0.630456 0.147487 0.625992 0.147487 0.624504 0.146495 0.622024 0.142857 0.624504 0.138558 0.625000 0.130622 0.622768 0.127315 0.619048 0.126984 0.615823 0.119378 0.613839 0.118056 0.611855 0.114749 0.600942 0.113095 0.599950 0.111442 0.599950 0.106812 0.596478 0.102844 0.591022 0.098214 0.585069 0.096230 0.579117 0.097884 0.576637 0.094907 0.573413 0.094246 0.571429 0.091931 0.569196 0.091270
0 0.470238 0.240410 0.468502 0.242063 0.465774 0.243056 0.459573 0.249339 0.452629 0.253307 0.450645 0.256283 0.447421 0.257606 0.444692 0.261243 0.444196 0.262897 0.440724 0.266534 0.437748 0.272487 0.436012 0.274140 0.432044 0.274802 0.430308 0.273148 0.426835 0.272156 0.424851 0.270503 0.423363 0.270503 0.419147 0.277778 0.414931 0.278108 0.412450 0.280093 0.407986 0.279762 0.405258 0.283069 0.406002 0.290344 0.405010 0.297619 0.405258 0.309524 0.404266 0.311177 0.402282 0.312169 0.400546 0.315146 0.397321 0.313161 0.392113 0.313823 0.389633 0.312500 0.387153 0.312500 0.384921 0.313823 0.382192 0.312500 0.379712 0.312500 0.377232 0.313823 0.372272 0.313823 0.370784 0.316138 0.368056 0.317460 0.367063 0.320767 0.364087 0.321429 0.361111 0.324074 0.358879 0.327712 0.356151 0.328704 0.353671 0.331019 0.345238 0.330026 0.341270 0.325066 0.340030 0.324735 0.330109 0.325066 0.328125 0.322421 0.327381 0.314815 0.326637 0.314153 0.325397 0.314153 0.322917 0.315807 0.318700 0.315807 0.317212 0.317460 0.314980 0.317460 0.313740 0.318783 0.313740 0.321429 0.311756 0.323743 0.311260 0.325728 0.308780 0.328042 0.307540 0.331349 0.306052 0.333003 0.305804 0.334656 0.307540 0.337302 0.307540 0.338294 0.305804 0.340278 0.305556 0.342593 0.308036 0.345238 0.308036 0.346561 0.306052 0.348876 0.306052 0.350198 0.308532 0.352844 0.308532 0.353836 0.305556 0.357143 0.305308 0.360119 0.304067 0.363426 0.303819 0.368717 0.300843 0.375331 0.300347 0.378638 0.299355 0.380952 0.300099 0.384259 0.298363 0.387897 0.297867 0.391534 0.295883 0.397487 0.288690 0.407407 0.286954 0.408399 0.285962 0.410053 0.283482 0.410714 0.282490 0.412368 0.282242 0.414683 0.280258 0.419643 0.279266 0.420966 0.276786 0.421958 0.273313 0.426257 0.273313 0.428902 0.274554 0.431878 0.273065 0.434193 0.271825 0.440146 0.272569 0.444775 0.274554 0.447090 0.273313 0.449735 0.273313 0.452712 0.274554 0.454696 0.273065 0.458333 0.273313 0.459987 0.276538 0.462632 0.276538 0.463624 0.274058 0.465939 0.273810 0.467593 0.276290 0.471230 0.274306 0.473214 0.273810 0.474868 0.275050 0.477844 0.273065 0.480159 0.272073 0.484127 0.270089 0.486772 0.270089 0.494048 0.267361 0.498677 0.266121 0.502976 0.265873 0.506614 0.266617 0.509259 0.266865 0.521825 0.269345 0.526124 0.270337 0.529101 0.274554 0.533730 0.274306 0.537698 0.276290 0.540675 0.271825 0.546627 0.269345 0.548280 0.265625 0.552249 0.265377 0.556548 0.265873 0.557540 0.265873 0.560185 0.267857 0.564153 0.267113 0.567460 0.267857 0.570106 0.269841 0.571098 0.272569 0.575728 0.270833 0.579365 0.271081 0.580357 0.273065 0.582341 0.274802 0.585979 0.277282 0.588294 0.278522 0.591270 0.281250 0.592593 0.282738 0.594907 0.282738 0.600198 0.283482 0.602183 0.284722 0.603175 0.284722 0.604167 0.283482 0.605820 0.282738 0.609788 0.281994 0.610780 0.279762 0.611442 0.281002 0.615741 0.281994 0.617063 0.284226 0.617725 0.285466 0.619048 0.287450 0.625331 0.290427 0.624339 0.292411 0.625000 0.293403 0.626653 0.292411 0.630291 0.293155 0.635913 0.289931 0.642526 0.288194 0.648479 0.283482 0.656085 0.278026 0.662698 0.277282 0.665344 0.278522 0.670304 0.278026 0.674272 0.280258 0.678241 0.281746 0.685847 0.283482 0.689153 0.283234 0.694444 0.284722 0.697090 0.284970 0.700397 0.286458 0.703704 0.287698 0.704034 0.288690 0.702381 0.290923 0.701058 0.290179 0.697421 0.293651 0.694444 0.297619 0.688161 0.298611 0.687500 0.308036 0.688161 0.312748 0.692791 0.313988 0.696759 0.313492 0.700066 0.313988 0.705026 0.312004 0.707011 0.312004 0.709325 0.310764 0.712302 0.311012 0.716270 0.315724 0.721230 0.319444 0.721892 0.322173 0.720569 0.322669 0.721230 0.322421 0.724206 0.326141 0.724206 0.330357 0.719907 0.333829 0.720238 0.336062 0.718254 0.341270 0.716931 0.344246 0.713624 0.348710 0.711971 0.353671 0.708664 0.354663 0.706019 0.357391 0.704696 0.359127 0.696098 0.361855 0.693122 0.360367 0.690146 0.360615 0.688492 0.361359 0.687831 0.363343 0.687831 0.364831 0.688823 0.366319 0.686177 0.368056 0.685185 0.367312 0.682870 0.367560 0.681548 0.371528 0.679894 0.372520 0.676587 0.373512 0.676257 0.375248 0.681878 0.375248 0.685847 0.377480 0.690146 0.377480 0.692791 0.379712 0.695437 0.382192 0.702381 0.384921 0.707011 0.386409 0.708664 0.393105 0.710648 0.396825 0.713624 0.398562 0.713955 0.402530 0.719246 0.403274 0.721561 0.406250 0.724868 0.407490 0.728175 0.406994 0.733796 0.407490 0.735450 0.407242 0.741402 0.408234 0.744048 0.407986 0.747685 0.408482 0.748677 0.409970 0.749339 0.411954 0.752315 0.414435 0.752976 0.415427 0.755622 0.416419 0.756283 0.432292 0.756283 0.436508 0.754299 0.439484 0.750992 0.442708 0.752976 0.451141 0.754960 0.453373 0.753968 0.454613 0.751653 0.455357 0.751653 0.456101 0.752646 0.456349 0.755291 0.459325 0.758929 0.463046 0.759259 0.464038 0.760251 0.463046 0.762566 0.463294 0.763558 0.466270 0.763889 0.469246 0.758598 0.474950 0.755952 0.475942 0.754299 0.476438 0.751653 0.478423 0.749339 0.480159 0.748677 0.481895 0.746362 0.483135 0.748347 0.484375 0.756944 0.493056 0.764550 0.497024 0.765542 0.514137 0.765542 0.517361 0.764220 0.521081 0.763889 0.525794 0.760582 0.537450 0.756283 0.540923 0.751984 0.544643 0.750992 0.548115 0.749008 0.553819 0.748677 0.557540 0.745701 0.560268 0.744709 0.566220 0.740741 0.568948 0.738095 0.571429 0.734127 0.576389 0.730159 0.579117 0.726521 0.582093 0.725198 0.585317 0.722553 0.587302 0.716601 0.587054 0.712632 0.588542 0.710648 0.593006 0.711310 0.607391 0.709325 0.611855 0.706019 0.615079 0.705026 0.623264 0.699735 0.627480 0.695437 0.631200 0.693783 0.639385 0.684854 0.641369 0.677579 0.640873 0.662037 0.642609 0.659392 0.654514 0.661045 0.660218 0.663360 0.669643 0.663029 0.674107 0.658069 0.676835 0.650794 0.681300 0.643519 0.682292 0.643519 0.689484 0.653108 0.693700 0.655093 0.696925 0.655093 0.700149 0.653770 0.709077 0.646164 0.713542 0.639220 0.715030 0.635582 0.717758 0.631944 0.721974 0.617394 0.725198 0.610119 0.726190 0.603175 0.727679 0.598876 0.730655 0.576389 0.731151 0.563492 0.731647 0.561508 0.729911 0.529101 0.726438 0.512897 0.724454 0.506283 0.722470 0.501984 0.722470 0.497354 0.720238 0.486772 0.720486 0.481481 0.719494 0.478505 0.717510 0.463955 0.718006 0.458333 0.717262 0.451389 0.713542 0.447090 0.705109 0.446759 0.700893 0.450728 0.698413 0.450066 0.694940 0.450728 0.692708 0.452381 0.691468 0.455688 0.689980 0.457341 0.688988 0.457341 0.687748 0.455357 0.685764 0.444444 0.685020 0.442791 0.674851 0.441468 0.669891 0.438492 0.658730 0.440476 0.655010 0.438492 0.653522 0.438492 0.648562 0.440807 0.646577 0.443783 0.645833 0.446759 0.644345 0.448082 0.639137 0.448743 0.637401 0.450397 0.635169 0.450397 0.632937 0.447751 0.632937 0.446759 0.634425 0.445106 0.639385 0.445437 0.640377 0.443783 0.639385 0.437500 0.637897 0.437169 0.636161 0.440807 0.634425 0.441468 0.633185 0.440146 0.631696 0.436839 0.626984 0.434524 0.625496 0.432209 0.626488 0.429233 0.629712 0.428571 0.631448 0.426918 0.631944 0.423942 0.631448 0.421627 0.630456 0.420304 0.627480 0.419643 0.625248 0.416336 0.625496 0.410714 0.624752 0.406085 0.623760 0.403770 0.623760 0.399140 0.622768 0.396825 0.624008 0.393849 0.623760 0.391204 0.622768 0.390542 0.621528 0.391204 0.620784 0.394511 0.619792 0.395503 0.617312 0.394841 0.615079 0.392196 0.612103 0.392526 0.611111 0.391204 0.609127 0.384921 0.610119 0.380291 0.608879 0.377646 0.609623 0.372024 0.608879 0.369378 0.608879 0.360780 0.607887 0.357474 0.608383 0.355159 0.608135 0.348876 0.608631 0.346892 0.608135 0.344246 0.606151 0.344246 0.604911 0.347553 0.602927 0.348545 0.601687 0.347222 0.600694 0.344577 0.598710 0.344246 0.595982 0.345569 0.593998 0.342923 0.590774 0.340278 0.587302 0.340278 0.584573 0.342923 0.581597 0.342923 0.578373 0.341931 0.576885 0.340278 0.576141 0.338294 0.575397 0.332672 0.574405 0.331680 0.571677 0.331349 0.570437 0.330357 0.571429 0.328373 0.573909 0.327381 0.574405 0.325728 0.569444 0.322751 0.566964 0.319114 0.566468 0.316799 0.564236 0.316138 0.562996 0.314815 0.563740 0.313161 0.565476 0.313161 0.567460 0.315476 0.569444 0.316468 0.569940 0.319775 0.571429 0.320437 0.575397 0.320106 0.576389 0.318122 0.577133 0.312831 0.580357 0.310185 0.578621 0.309193 0.577381 0.306548 0.578621 0.304894 0.582093 0.303902 0.582589 0.300265 0.583829 0.299934 0.584325 0.298280 0.582837 0.297950 0.582341 0.299934 0.579861 0.299934 0.578869 0.298611 0.579861 0.297288 0.581845 0.296296 0.581349 0.293981 0.577877 0.293320 0.575893 0.291667 0.571429 0.292328 0.570188 0.291336 0.570685 0.290013 0.571925 0.289352 0.575645 0.289021 0.576637 0.283399 0.575397 0.283399 0.574157 0.285384 0.569692 0.285384 0.568700 0.283730 0.564732 0.284722 0.561260 0.281746 0.555804 0.282738 0.549355 0.280754 0.546627 0.278439 0.544643 0.275132 0.542411 0.276455 0.533730 0.275132 0.532738 0.272817 0.528026 0.272487 0.526290 0.270503 0.524306 0.270503 0.522569 0.272156 0.521577 0.272156 0.520833 0.271164 0.523313 0.268519 0.522321 0.267196 0.517609 0.267526 0.514385 0.265873 0.510417 0.266865 0.507440 0.265873 0.502232 0.265873 0.500744 0.263558 0.500000 0.260913 0.498760 0.250992 0.497520 0.250661 0.495784 0.252976 0.493800 0.253307 0.491319 0.249669 0.488839 0.249008 0.484623 0.246032 0.482143 0.243056 0.479167 0.243056 0.478175 0.241733 0.473958 0.241733
0 0.713542 0.443122 0.712054 0.443122 0.710317 0.446429 0.709821 0.450728 0.708581 0.452712 0.702133 0.454696 0.696925 0.453042 0.692708 0.452712 0.688244 0.458003 0.686756 0.461640 0.685764 0.499008 0.686508 0.505952 0.688492 0.513558 0.690972 0.518188 0.691964 0.525132 0.691468 0.528439 0.689732 0.533399 0.689236 0.542328 0.690972 0.557209 0.692460 0.564815 0.693204 0.582011 0.692708 0.588294 0.690228 0.599868 0.688244 0.603175 0.687996 0.607474 0.686756 0.610780 0.685764 0.622024 0.682788 0.635251 0.682540 0.639220 0.683036 0.643519 0.686508 0.650794 0.688988 0.654101 0.692708 0.656085 0.697669 0.655754 0.701141 0.654431 0.705605 0.649802 0.709573 0.647487 0.716518 0.635913 0.726438 0.609127 0.729167 0.596230 0.730407 0.587302 0.731895 0.568122 0.732143 0.551257 0.729911 0.525132 0.728671 0.517196 0.726935 0.510582 0.723214 0.500661 0.721726 0.486442 0.719246 0.477844 0.717758 0.467593 0.718006 0.454034 0.717510 0.450066 0.716518 0.447090
0 0.322421 0.573743 0.320188 0.575728 0.314484 0.578042 0.313244 0.579365 0.308780 0.592923 0.306052 0.598214 0.303323 0.607143 0.297619 0.617394 0.295635 0.625000 0.290427 0.633929 0.286954 0.647487 0.283482 0.653770 0.278522 0.660384 0.274554 0.663360 0.273810 0.665013 0.273810 0.667328 0.276786 0.673611 0.280754 0.687169 0.281746 0.698413 0.282490 0.701389 0.284722 0.704696 0.286706 0.706349 0.287698 0.706349 0.290179 0.704365 0.292411 0.701389 0.294395 0.695106 0.297371 0.690807 0.298859 0.689815 0.302331 0.689153 0.306548 0.689815 0.308780 0.691468 0.310764 0.694114 0.311756 0.696759 0.312004 0.700066 0.308532 0.715939 0.308780 0.720569 0.309772 0.721892 0.312500 0.723214 0.318700 0.723214 0.321925 0.725529 0.327133 0.725860 0.329861 0.724868 0.338294 0.718915 0.342014 0.717593 0.353175 0.709656 0.359623 0.702381 0.363343 0.696098 0.365823 0.693122 0.367063 0.689153 0.369544 0.685847 0.370040 0.684193 0.371776 0.665675 0.372768 0.661045 0.372768 0.657407 0.368552 0.651455 0.366319 0.651124 0.365327 0.650132 0.368800 0.648148 0.369296 0.646825 0.372768 0.643188 0.374504 0.639220 0.373760 0.631944 0.373016 0.630291 0.373016 0.626323 0.371280 0.623347 0.369792 0.622354 0.368056 0.622354 0.364831 0.624008 0.362351 0.622024 0.356647 0.622354 0.350198 0.621362 0.346974 0.617725 0.344742 0.611772 0.344990 0.606481 0.343750 0.603836 0.344494 0.598545 0.343006 0.592593 0.341270 0.589616 0.340278 0.585317 0.335317 0.578373 0.333085 0.577050 0.330605 0.573743 0.329365 0.573743 0.326637 0.575728
0 0.615823 0.435516 0.610367 0.435516 0.607887 0.436508 0.604415 0.435516 0.602431 0.435516 0.600446 0.436508 0.596726 0.435516 0.594990 0.435847 0.589286 0.443783 0.587054 0.448743 0.585317 0.462302 0.586310 0.482143 0.587550 0.492063 0.587550 0.507275 0.586806 0.511243 0.585069 0.533730 0.586062 0.538029 0.587054 0.539352 0.591022 0.541336 0.593502 0.544643 0.593502 0.546296 0.592510 0.547619 0.586806 0.550265 0.583333 0.553571 0.581349 0.556548 0.580109 0.561177 0.580109 0.576389 0.578869 0.580026 0.579117 0.584325 0.578373 0.587632 0.578621 0.591931 0.578125 0.593915 0.578373 0.638228 0.579117 0.650794 0.581845 0.666997 0.584573 0.679233 0.586062 0.697090 0.587054 0.702381 0.588046 0.705357 0.591270 0.709656 0.595238 0.710648 0.600198 0.710648 0.607639 0.708664 0.620288 0.701389 0.627232 0.695767 0.631448 0.693783 0.634425 0.689815 0.639137 0.685185 0.640873 0.678571 0.640873 0.669974 0.639385 0.660714 0.636409 0.650132 0.634177 0.645503 0.633681 0.642526 0.629960 0.634590 0.629712 0.627646 0.631944 0.622685 0.631944 0.618717 0.632937 0.615741 0.633433 0.610780 0.637401 0.602844 0.639633 0.599868 0.640129 0.596230 0.642113 0.591931 0.642857 0.580357 0.638641 0.573743 0.634921 0.572421 0.632937 0.570106 0.630456 0.564153 0.629712 0.560516 0.626488 0.554563 0.624752 0.549272 0.626488 0.544643 0.626984 0.541005 0.629216 0.538360 0.632688 0.529762 0.633185 0.524802 0.637401 0.517857 0.637649 0.500992 0.638393 0.498677 0.637897 0.486772 0.639881 0.483135 0.639881 0.481151 0.638889 0.477844 0.635665 0.474206 0.634177 0.470899 0.633185 0.461640 0.631448 0.454696 0.626488 0.450728 0.625000 0.442791 0.623016 0.439153 0.620536 0.437169
0 0.557044 0.582011 0.548363 0.584325 0.526290 0.597553 0.520337 0.602183 0.517113 0.607474 0.514881 0.633929 0.515129 0.644511 0.515873 0.649802 0.523313 0.674272 0.524306 0.685516 0.526042 0.689484 0.526042 0.694775 0.526786 0.697751 0.526042 0.701058 0.527282 0.703373 0.527778 0.707011 0.531002 0.711640 0.532986 0.712302 0.533730 0.713294 0.532738 0.715608 0.532738 0.717593 0.534474 0.719907 0.534970 0.721892 0.537946 0.724868 0.535218 0.731151 0.529762 0.733466 0.528770 0.734788 0.528026 0.740079 0.526290 0.744378 0.526042 0.748016 0.528522 0.754299 0.530754 0.756283 0.533978 0.756283 0.542907 0.750000 0.553323 0.747685 0.560268 0.744378 0.568452 0.737434 0.570933 0.733796 0.584573 0.722222 0.586806 0.716931 0.584573 0.693783 0.583085 0.686508 0.581845 0.675926 0.579365 0.666336 0.578621 0.660714 0.577133 0.654101 0.575397 0.649802 0.573661 0.641534 0.570437 0.634259 0.569196 0.628968 0.564236 0.614749 0.562004 0.600529 0.560764 0.595899 0.560764 0.591931 0.559028 0.585979
0 0.457837 0.670966 0.457093 0.673611 0.458333 0.677910 0.461062 0.681548 0.462550 0.686508 0.464534 0.689153 0.465526 0.693122 0.468254 0.697090 0.469742 0.702050 0.471974 0.705357 0.472966 0.708664 0.476438 0.715278 0.480407 0.727183 0.481647 0.733796 0.483631 0.739418 0.486111 0.752315 0.486111 0.756283 0.487599 0.759590 0.493304 0.764220 0.496528 0.764881 0.512401 0.764220 0.516369 0.763228 0.520337 0.759259 0.520089 0.755622 0.521825 0.753307 0.523313 0.748347 0.523313 0.730159 0.522073 0.719907 0.516865 0.702712 0.514137 0.697421 0.511905 0.689153 0.509425 0.682870 0.506448 0.667659 0.503968 0.663360 0.502728 0.659061 0.502976 0.654101 0.502480 0.652778 0.501240 0.652116 0.500000 0.653770 0.499256 0.657738 0.500000 0.661045 0.499752 0.662368 0.498512 0.663690 0.495536 0.664352 0.494048 0.666005 0.490327 0.665675 0.484623 0.667989 0.482887 0.669643 0.473958 0.669643 0.471726 0.668651 0.465774 0.667989 0.462798 0.668320
0 0.462302 0.368056 0.458581 0.373347 0.459077 0.375000 0.462054 0.377315 0.467510 0.375331 0.468750 0.376653 0.468750 0.377646 0.467510 0.379630 0.463046 0.381283 0.460813 0.378638 0.458829 0.378638 0.455605 0.376984 0.453869 0.383267 0.453373 0.391865 0.452381 0.395503 0.452381 0.405093 0.453125 0.407738 0.453621 0.418651 0.455357 0.423280 0.455853 0.426918 0.455853 0.430886 0.454117 0.438823 0.454613 0.442460 0.454117 0.448082 0.454861 0.451389 0.451141 0.457011 0.447421 0.457011 0.442708 0.460317 0.441468 0.462632 0.441716 0.467593 0.446677 0.471892 0.450149 0.473214 0.452629 0.475529 0.456597 0.476521 0.462302 0.479828 0.479663 0.486442 0.482639 0.489749 0.485119 0.495701 0.487351 0.498677 0.487599 0.500992 0.488343 0.502315 0.488095 0.505952 0.490575 0.510582 0.490823 0.516865 0.488839 0.519511 0.488343 0.522817 0.485615 0.525132 0.485615 0.526455 0.488591 0.533730 0.488591 0.537698 0.491071 0.541005 0.489831 0.545304 0.490079 0.548611 0.489335 0.551918 0.490079 0.556548 0.489335 0.557209 0.487599 0.555225 0.486111 0.555556 0.485615 0.556217 0.486111 0.560185 0.487599 0.561839 0.490575 0.562831 0.494048 0.565146 0.495536 0.572090 0.501736 0.581019 0.506696 0.585979 0.508929 0.593254 0.513145 0.600529 0.521825 0.597553 0.526042 0.593915 0.529762 0.593254 0.532738 0.590278 0.540179 0.585648 0.545635 0.584325 0.549107 0.581680 0.552579 0.581019 0.556052 0.579365 0.561756 0.568783 0.562996 0.563823 0.565476 0.559524 0.566468 0.555556 0.566716 0.548942 0.564980 0.544312 0.563244 0.537037 0.562252 0.524802 0.558532 0.508929 0.556300 0.504960 0.553819 0.496693 0.548115 0.483135 0.546627 0.474868 0.545139 0.470569 0.542411 0.457011 0.541419 0.448413 0.542163 0.442130 0.542163 0.438823 0.541171 0.436177 0.541419 0.423611 0.539683 0.419974 0.536458 0.416005 0.537202 0.413029 0.536954 0.411376 0.535466 0.410053 0.533978 0.407077 0.531746 0.405093 0.529018 0.396825 0.525050 0.393188 0.522073 0.393188 0.518849 0.391204 0.501488 0.389881 0.498512 0.387566 0.493800 0.385251 0.490079 0.385251 0.484127 0.383598 0.481895 0.380952 0.479167 0.380291 0.478175 0.378307 0.473958 0.378307 0.473214 0.377315 0.473214 0.375992 0.475446 0.373677 0.475198 0.372354 0.472222 0.371693 0.471230 0.368056 0.469742 0.367725 0.467758 0.369709 0.466766 0.369709 0.464534 0.367725
0 0.351687 0.511243 0.346726 0.517196 0.345238 0.520833 0.345238 0.529762 0.347966 0.533069 0.348710 0.536376 0.348214 0.556878 0.349950 0.559524 0.353175 0.561839 0.360119 0.562831 0.366071 0.568122 0.368304 0.578704 0.372272 0.589947 0.374752 0.594907 0.375744 0.599537 0.378968 0.607474 0.379712 0.611442 0.381696 0.615410 0.381944 0.619709 0.384177 0.630291 0.384177 0.634259 0.385913 0.638889 0.386409 0.642196 0.389137 0.647156 0.391121 0.654431 0.395089 0.662037 0.402034 0.683862 0.404514 0.687831 0.406498 0.692791 0.414435 0.703704 0.418403 0.707672 0.428819 0.720569 0.432788 0.732143 0.436012 0.736111 0.438740 0.747685 0.439980 0.749339 0.447173 0.752976 0.452381 0.752976 0.455605 0.751323 0.471974 0.750331 0.475942 0.749008 0.479911 0.743386 0.481151 0.740410 0.481399 0.735119 0.480159 0.728175 0.477927 0.723214 0.476687 0.718585 0.473214 0.713955 0.471230 0.709987 0.468502 0.701058 0.466270 0.697751 0.462054 0.688161 0.458333 0.683532 0.454861 0.673942 0.450397 0.666336 0.447421 0.658730 0.445437 0.650794 0.444940 0.645503 0.443948 0.641534 0.441716 0.636574 0.439732 0.626323 0.438740 0.623677 0.437748 0.615410 0.433780 0.603836 0.431796 0.595238 0.432540 0.588294 0.436012 0.583333 0.438492 0.576720 0.436756 0.568783 0.434028 0.565807 0.427331 0.561508 0.423859 0.560185 0.420387 0.555225 0.417163 0.552249 0.411954 0.548942 0.406994 0.548942 0.403770 0.551587 0.401786 0.550595 0.396577 0.551257 0.388641 0.547288 0.384921 0.543981 0.380208 0.544643 0.377480 0.543651 0.376240 0.541997 0.375992 0.540344 0.376736 0.539021 0.378720 0.537698 0.378720 0.536376 0.375744 0.533069 0.374256 0.525794 0.373016 0.523479 0.370784 0.520833 0.366815 0.518519 0.364335 0.513889 0.361111 0.512566 0.357887 0.509590 0.356647 0.509259
