5 0.494709 0.242808 0.624008 0.242808 0.624008 0.366567 0.494709 0.366567
0 0.731481 0.246776 0.773148 0.246776 0.773148 0.325893 0.731481 0.325893
0 0.764550 0.257440 0.831019 0.257440 0.831019 0.371776 0.764550 0.371776
0 0.608466 0.265377 0.735119 0.265377 0.735119 0.316220 0.608466 0.316220
0 0.571429 0.284226 0.756283 0.284226 0.756283 0.374008 0.571429 0.374008
0 0.559524 0.227431 0.642857 0.227431 0.642857 0.311260 0.559524 0.311260
0 0.544312 0.331101 0.844246 0.331101 0.844246 0.732887 0.544312 0.732887
1 0.219246 0.348462 0.655093 0.348462 0.655093 0.657738 0.219246 0.657738
0 0.738757 0.492560 0.843254 0.492560 0.843254 0.624256 0.738757 0.624256
0 0.656415 0.470982 0.733135 0.470982 0.733135 0.532242 0.656415 0.532242
0 0.544643 0.633929 0.656415 0.633929 0.656415 0.731895 0.544643 0.731895
0 0.634921 0.530754 0.759921 0.530754 0.759921 0.608631 0.634921 0.608631
0 0.640873 0.335317 0.757275 0.335317 0.757275 0.401538 0.640873 0.401538
0 0.711971 0.424355 0.781085 0.424355 0.781085 0.514137 0.711971 0.514137
0 0.670966 0.436508 0.714947 0.436508 0.714947 0.478423 0.670966 0.478423
5 0.388889 0.268601 0.511243 0.268601 0.511243 0.348710 0.388889 0.348710
5 0.251323 0.249504 0.407077 0.249504 0.407077 0.393105 0.251323 0.393105
5 0.533399 0.242808 0.531746 0.244048 0.531415 0.249008 0.532738 0.252728 0.532738 0.255704 0.537368 0.259673 0.540344 0.266865 0.539021 0.271825 0.529101 0.281002 0.523810 0.282490 0.517857 0.285962 0.513889 0.287202 0.512897 0.290179 0.512897 0.296379 0.513558 0.298363 0.511905 0.299851 0.502646 0.304812 0.500661 0.307044 0.500000 0.312500 0.501653 0.318948 0.499008 0.326637 0.495040 0.330605 0.494709 0.336062 0.496362 0.339534 0.501653 0.340030 0.507275 0.343006 0.512566 0.344990 0.514220 0.346726 0.515542 0.349950 0.516865 0.350942 0.520503 0.351935 0.525132 0.354415 0.529101 0.355655 0.532407 0.358383 0.537037 0.358879 0.546296 0.362599 0.548942 0.364831 0.557540 0.366567 0.560847 0.365079 0.564153 0.365079 0.569114 0.362103 0.572090 0.357639 0.587302 0.344742 0.594577 0.342262 0.598214 0.339038 0.605159 0.335565 0.611772 0.329117 0.615079 0.328621 0.619378 0.326885 0.623677 0.323413 0.624008 0.321429 0.622024 0.318204 0.616071 0.313244 0.611442 0.312252 0.607143 0.310516 0.600529 0.304812 0.596561 0.302827 0.592593 0.298115 0.586971 0.296379 0.583333 0.294395 0.582341 0.292907 0.580026 0.291419 0.576720 0.286458 0.569444 0.280754 0.566799 0.279514 0.564815 0.277282 0.559524 0.261409 0.557540 0.258929 0.556548 0.255208 0.552579 0.252232 0.548942 0.251240 0.544974 0.247520 0.539021 0.243552 0.536706 0.242808
0 0.769180 0.246776 0.767526 0.246776 0.765542 0.249008 0.758267 0.253968 0.755622 0.256944 0.751323 0.259673 0.748347 0.264385 0.742725 0.268105 0.740410 0.271825 0.736111 0.275794 0.733466 0.280754 0.731481 0.282738 0.731812 0.284474 0.733466 0.285218 0.741071 0.285714 0.743386 0.286458 0.748016 0.286458 0.750992 0.289683 0.753307 0.295883 0.753638 0.299355 0.750992 0.305556 0.750000 0.311508 0.747024 0.314484 0.745701 0.317460 0.739749 0.322421 0.740741 0.325893 0.748016 0.325893 0.755952 0.322917 0.761905 0.318948 0.765212 0.315724 0.766534 0.312996 0.767196 0.309524 0.765212 0.301339 0.764220 0.292907 0.764881 0.282986 0.766204 0.279266 0.768188 0.268105 0.773148 0.256696 0.772156 0.249752 0.771164 0.247520
0 0.775132 0.257440 0.772156 0.259673 0.769511 0.265129 0.766204 0.276042 0.764550 0.285714 0.765873 0.302331 0.767857 0.308532 0.769511 0.317708 0.777778 0.329117 0.780093 0.333085 0.782077 0.338790 0.786706 0.345734 0.788360 0.347222 0.791997 0.353671 0.797288 0.358879 0.803571 0.363591 0.805556 0.366319 0.813823 0.371528 0.815146 0.371776 0.818122 0.368304 0.820767 0.361111 0.827712 0.349950 0.831019 0.333085 0.831019 0.323413 0.826720 0.299355 0.823082 0.291419 0.811839 0.274802 0.809854 0.274058 0.805556 0.274554 0.802910 0.275546 0.798942 0.275546 0.791997 0.271825 0.781746 0.263889 0.779101 0.259177 0.776124 0.257440
0 0.735119 0.267857 0.732143 0.265873 0.727844 0.265377 0.717593 0.267857 0.713624 0.267113 0.684524 0.267857 0.665013 0.266865 0.661376 0.267609 0.655423 0.267857 0.638228 0.267113 0.626323 0.268601 0.618717 0.272073 0.613757 0.275794 0.609127 0.281498 0.608466 0.282986 0.608796 0.286210 0.611772 0.291171 0.612434 0.295387 0.610119 0.298859 0.609458 0.302827 0.615410 0.310020 0.621362 0.312996 0.623016 0.314484 0.627315 0.315972 0.635251 0.316220 0.640542 0.313492 0.646164 0.311508 0.650463 0.308532 0.669312 0.304067 0.689484 0.296379 0.693452 0.295387 0.711310 0.285962 0.715608 0.284474 0.719907 0.281498 0.725198 0.280258 0.732143 0.275298 0.735119 0.271825
0 0.748677 0.285714 0.746362 0.284474 0.743717 0.284226 0.740410 0.285714 0.737434 0.285218 0.728175 0.285466 0.724868 0.287202 0.720569 0.288194 0.711310 0.287946 0.705026 0.289683 0.700728 0.293155 0.697421 0.293651 0.694114 0.295635 0.689484 0.296627 0.685185 0.298859 0.681548 0.299603 0.676257 0.302083 0.668981 0.304563 0.657407 0.307292 0.654101 0.308780 0.649802 0.309524 0.646825 0.312004 0.641865 0.313492 0.638228 0.316468 0.635251 0.317708 0.625331 0.326141 0.622685 0.327629 0.618717 0.328621 0.614418 0.331597 0.611442 0.332837 0.607474 0.336558 0.602844 0.338046 0.599868 0.341022 0.596230 0.342510 0.584325 0.351687 0.579696 0.353423 0.576058 0.357887 0.571759 0.360615 0.571429 0.363095 0.572090 0.365823 0.577381 0.370288 0.583995 0.373016 0.590608 0.374008 0.608135 0.373016 0.611442 0.371776 0.615410 0.371280 0.619709 0.369048 0.623016 0.368800 0.626323 0.367063 0.631614 0.366567 0.635582 0.365079 0.638889 0.365079 0.642857 0.363343 0.646495 0.363095 0.650463 0.361359 0.661045 0.358383 0.665675 0.356151 0.669974 0.355407 0.674272 0.353671 0.686508 0.351438 0.690146 0.349702 0.700397 0.346974 0.704365 0.344990 0.709656 0.344246 0.717923 0.341022 0.726852 0.335069 0.730159 0.330853 0.737765 0.325893 0.744048 0.319940 0.748016 0.320933 0.749669 0.319196 0.749339 0.314732 0.750992 0.310268 0.750661 0.305308 0.752646 0.302579 0.755622 0.303323 0.756283 0.301587 0.754299 0.298611 0.752315 0.297619 0.749008 0.294395 0.750000 0.292907 0.750331 0.290427
0 0.569775 0.228671 0.563823 0.232391 0.560847 0.238095 0.559524 0.244048 0.559524 0.255704 0.561177 0.259673 0.562500 0.267857 0.563823 0.271081 0.570437 0.279762 0.577381 0.284474 0.580357 0.287946 0.583003 0.289187 0.591601 0.295635 0.597222 0.297619 0.601852 0.301091 0.603175 0.303323 0.608135 0.305060 0.610119 0.307292 0.613095 0.308780 0.614749 0.310516 0.619709 0.311260 0.620370 0.310516 0.620040 0.309276 0.614087 0.304812 0.612434 0.302579 0.611442 0.291171 0.609788 0.285466 0.609788 0.282986 0.611772 0.278770 0.614749 0.274802 0.626984 0.268601 0.638558 0.267857 0.642196 0.267113 0.642857 0.263889 0.639550 0.260169 0.634590 0.256696 0.627646 0.249752 0.622685 0.247768 0.619378 0.245536 0.614087 0.239583 0.607804 0.234871 0.599868 0.231151 0.589616 0.227927 0.579034 0.227431
0 0.822751 0.342014 0.813492 0.343006 0.812169 0.343750 0.810185 0.347966 0.807209 0.348214 0.806548 0.352183 0.802579 0.352927 0.802579 0.354167 0.804563 0.355159 0.804894 0.357143 0.802910 0.358879 0.798280 0.358383 0.794974 0.355655 0.784061 0.354663 0.779431 0.353175 0.769841 0.352927 0.765212 0.353671 0.759590 0.353423 0.751323 0.348462 0.748677 0.344742 0.743386 0.341766 0.738426 0.335813 0.736111 0.334077 0.735450 0.331597 0.732143 0.331101 0.728505 0.333581 0.723876 0.335565 0.721230 0.336062 0.716270 0.341766 0.713294 0.342014 0.708664 0.343750 0.705026 0.344246 0.701389 0.346230 0.695767 0.346726 0.690146 0.349454 0.679894 0.351687 0.677249 0.353175 0.674603 0.353175 0.669643 0.354663 0.666336 0.354911 0.662037 0.357887 0.656415 0.358879 0.653439 0.360863 0.648479 0.362103 0.641204 0.367560 0.639881 0.373512 0.641204 0.378224 0.643519 0.381944 0.647487 0.384425 0.650132 0.387649 0.653770 0.388145 0.657407 0.389633 0.662698 0.389385 0.665675 0.390377 0.668320 0.392361 0.671296 0.396825 0.673280 0.398313 0.678241 0.400050 0.681217 0.402282 0.686839 0.403522 0.688161 0.404762 0.685847 0.408482 0.686508 0.412202 0.685185 0.413442 0.682540 0.412450 0.678241 0.412946 0.676587 0.411706 0.675926 0.408730 0.670304 0.405506 0.665344 0.405754 0.661045 0.407986 0.659392 0.411458 0.654762 0.417659 0.650132 0.420387 0.646825 0.423611 0.646495 0.427331 0.649140 0.435268 0.652778 0.438988 0.652447 0.444940 0.653439 0.447917 0.653439 0.451141 0.655423 0.455109 0.655754 0.467510 0.656746 0.470238 0.656415 0.480407 0.657407 0.500992 0.655423 0.525298 0.652778 0.530010 0.649140 0.533482 0.646825 0.539683 0.641204 0.548363 0.639881 0.552827 0.636905 0.558780 0.635582 0.568204 0.632606 0.576637 0.628968 0.580357 0.623347 0.589038 0.622354 0.592510 0.622024 0.599950 0.623677 0.602927 0.623677 0.611359 0.621362 0.616319 0.616733 0.619296 0.614418 0.622520 0.614087 0.630456 0.612103 0.631944 0.602513 0.634177 0.594577 0.638641 0.589947 0.642609 0.580357 0.654266 0.577712 0.656250 0.573082 0.662202 0.568783 0.665923 0.564153 0.666171 0.556878 0.668651 0.549272 0.672619 0.547619 0.674107 0.544312 0.684276 0.544974 0.692708 0.547950 0.701637 0.550926 0.705109 0.553241 0.709573 0.556217 0.711806 0.563492 0.714534 0.574735 0.717758 0.584987 0.719990 0.591601 0.722470 0.595899 0.725198 0.606151 0.727927 0.610450 0.730159 0.622354 0.732887 0.628307 0.731399 0.631614 0.729167 0.639550 0.717014 0.639550 0.711558 0.640212 0.709573 0.639881 0.696429 0.641204 0.692708 0.641865 0.680556 0.644511 0.672371 0.646825 0.670139 0.650463 0.668651 0.652116 0.665923 0.656746 0.663194 0.660714 0.658730 0.663360 0.656746 0.664683 0.654762 0.665013 0.650546 0.669974 0.646329 0.671627 0.642857 0.674934 0.641865 0.685185 0.641121 0.700728 0.635913 0.705357 0.635417 0.712302 0.632937 0.716931 0.631944 0.722553 0.627976 0.729167 0.624504 0.732804 0.621280 0.736442 0.623016 0.756283 0.623016 0.758929 0.623760 0.770833 0.624752 0.779762 0.624504 0.781415 0.623512 0.784722 0.618056 0.787037 0.615823 0.788360 0.608879 0.788029 0.602431 0.789683 0.594990 0.794312 0.588542 0.796958 0.586310 0.799272 0.585565 0.804563 0.585069 0.811177 0.585069 0.818122 0.586806 0.826389 0.592262 0.834325 0.592758 0.837632 0.591022 0.842262 0.585813 0.844246 0.578373 0.844246 0.575397 0.843254 0.573165 0.840608 0.571181 0.831349 0.568948 0.828704 0.566468 0.828042 0.563492 0.829034 0.556796 0.836310 0.545635 0.837302 0.542163 0.840939 0.536458 0.842923 0.530258 0.842593 0.526042 0.836971 0.519345 0.834325 0.513145 0.828042 0.506696 0.824405 0.497768 0.825066 0.494296 0.823743 0.492312 0.818783 0.490079 0.815146 0.490079 0.811177 0.488343 0.806878 0.487847 0.804894 0.486855 0.803241 0.485119 0.802579 0.482143 0.800265 0.478919 0.800926 0.476935 0.805886 0.472966 0.810516 0.470238 0.812831 0.467262 0.817130 0.458581 0.819114 0.452629 0.820106 0.444692 0.819775 0.439484 0.818452 0.436756 0.812169 0.430804 0.812169 0.427083 0.814484 0.421131 0.819775 0.413194 0.821098 0.408978 0.820767 0.407242 0.814815 0.403522 0.812169 0.399554 0.808201 0.395833 0.807540 0.391865 0.805556 0.389137 0.803571 0.378720 0.801918 0.373512 0.802249 0.369544 0.803241 0.367560 0.804894 0.366319 0.806878 0.365823 0.809524 0.367312 0.811177 0.367560 0.815476 0.364087 0.818122 0.363343 0.819114 0.361855 0.819114 0.356647 0.819775 0.354911 0.823413 0.350942 0.825728 0.349950 0.825728 0.343750
1 0.510582 0.353175 0.505291 0.353175 0.496362 0.351438 0.490410 0.351190 0.479497 0.348958 0.470569 0.348462 0.467262 0.349206 0.454365 0.349454 0.450728 0.350694 0.438492 0.351438 0.436177 0.352183 0.431548 0.351935 0.427249 0.353175 0.425265 0.352679 0.422950 0.352679 0.420635 0.353423 0.415344 0.352927 0.412698 0.353919 0.407738 0.353423 0.403770 0.355903 0.397156 0.358135 0.392196 0.358383 0.383929 0.359871 0.381283 0.361111 0.375992 0.362351 0.372024 0.364831 0.368717 0.365327 0.365079 0.366815 0.360780 0.367063 0.354167 0.369544 0.349868 0.372768 0.344907 0.374008 0.341931 0.375744 0.338624 0.376736 0.333995 0.380208 0.329696 0.381696 0.326389 0.385417 0.320437 0.389137 0.317791 0.390129 0.313823 0.390625 0.306878 0.393849 0.302910 0.398065 0.296958 0.402282 0.294643 0.408482 0.289683 0.411954 0.286706 0.416171 0.283399 0.417659 0.280093 0.420883 0.277447 0.426835 0.274471 0.430804 0.272817 0.435268 0.268849 0.439236 0.265212 0.444196 0.263228 0.450893 0.259590 0.450893 0.258929 0.451389 0.258267 0.455357 0.255622 0.459325 0.255622 0.464534 0.254630 0.465030 0.253638 0.464286 0.252646 0.461062 0.250000 0.460565 0.248347 0.459325 0.248677 0.463542 0.252315 0.466270 0.250000 0.468006 0.248347 0.471726 0.247685 0.471974 0.245370 0.469990 0.243386 0.469990 0.241071 0.471726 0.239749 0.471726 0.237765 0.469990 0.235780 0.469494 0.233796 0.468006 0.232474 0.465278 0.229167 0.462302 0.220899 0.463046 0.220569 0.466766 0.219246 0.470486 0.219246 0.474206 0.220899 0.478175 0.223545 0.478423 0.225198 0.479663 0.227844 0.483631 0.231812 0.485615 0.234788 0.488591 0.238095 0.488591 0.239418 0.486359 0.240410 0.485863 0.241733 0.487599 0.245370 0.489583 0.244709 0.490823 0.242063 0.491815 0.241071 0.495288 0.239749 0.496280 0.238095 0.495288 0.237103 0.492560 0.236111 0.492560 0.234127 0.496032 0.230159 0.496528 0.229167 0.497272 0.231812 0.498264 0.236772 0.497768 0.240079 0.500496 0.243056 0.506448 0.247685 0.509177 0.248677 0.511161 0.249339 0.517857 0.249008 0.534474 0.247354 0.537202 0.245701 0.536706 0.243386 0.537202 0.244048 0.540675 0.248347 0.543155 0.250331 0.545635 0.259259 0.547867 0.263889 0.551091 0.266204 0.555308 0.267857 0.562004 0.273479 0.568948 0.275132 0.577133 0.285053 0.587302 0.290013 0.599206 0.291336 0.600198 0.296627 0.601438 0.303902 0.606895 0.305556 0.612103 0.307209 0.622768 0.308862 0.625248 0.311839 0.627480 0.313823 0.630456 0.318783 0.626984 0.322751 0.622272 0.325728 0.620040 0.329696 0.619544 0.334325 0.621776 0.336310 0.623512 0.337302 0.626240 0.337302 0.634425 0.338294 0.636161 0.341601 0.636905 0.347553 0.633929 0.350198 0.633433 0.353505 0.633681 0.361111 0.636657 0.365741 0.636905 0.372685 0.639137 0.380952 0.640625 0.393849 0.644097 0.404101 0.648313 0.406085 0.650298 0.408069 0.656002 0.414021 0.657738 0.416667 0.657738 0.419312 0.656994 0.424603 0.652778 0.432540 0.652034 0.435185 0.651290 0.456019 0.653026 0.458664 0.652034 0.466601 0.650546 0.490079 0.648810 0.494048 0.647073 0.498016 0.647073 0.502646 0.645089 0.506283 0.645089 0.511905 0.644097 0.529101 0.639633 0.533069 0.636657 0.537368 0.635665 0.542328 0.632937 0.545966 0.632192 0.549603 0.629464 0.556217 0.626240 0.562169 0.624504 0.565146 0.621776 0.569775 0.620288 0.573743 0.618056 0.576720 0.617312 0.581349 0.613839 0.584325 0.612847 0.592593 0.607887 0.595569 0.603423 0.597884 0.601687 0.600529 0.600694 0.608135 0.594494 0.612434 0.587550 0.616733 0.584573 0.618056 0.582589 0.625000 0.577133 0.625992 0.575645 0.627315 0.569940 0.628968 0.567460 0.629630 0.564732 0.631944 0.561508 0.632937 0.556300 0.640542 0.544395 0.640873 0.541171 0.643519 0.533978 0.648810 0.529762 0.650794 0.517609 0.652116 0.514385 0.652447 0.509921 0.654101 0.505456 0.654101 0.502232 0.655093 0.499008 0.654762 0.490327 0.652447 0.474206 0.649471 0.466022 0.648148 0.457093 0.646164 0.452133 0.642857 0.448661 0.643188 0.441964 0.638558 0.428323 0.633598 0.420387 0.631614 0.415675 0.627646 0.412450 0.625000 0.407738 0.620370 0.405010 0.615079 0.400298 0.611442 0.398810 0.603836 0.391865 0.596892 0.388145 0.593915 0.384425 0.591601 0.382688 0.588294 0.381696 0.583664 0.378968 0.577381 0.376488 0.560185 0.371528 0.554563 0.371032 0.549934 0.369792 0.545304 0.367063 0.541336 0.365823 0.538690 0.363591 0.530093 0.359871 0.522817 0.358135 0.515212 0.354415
0 0.821759 0.493800 0.814484 0.492560 0.806217 0.492560 0.798280 0.495784 0.791336 0.500248 0.788690 0.505456 0.787368 0.506448 0.782738 0.506696 0.776124 0.510169 0.775132 0.512649 0.770833 0.512649 0.760913 0.517361 0.757606 0.520833 0.756614 0.523065 0.750992 0.528770 0.748677 0.532738 0.750331 0.542907 0.743717 0.543899 0.738757 0.548115 0.738757 0.550099 0.740410 0.553075 0.743386 0.556052 0.749008 0.559524 0.749339 0.563244 0.748677 0.563988 0.751653 0.564236 0.756614 0.567708 0.760251 0.573413 0.764881 0.576389 0.765542 0.578621 0.765542 0.584325 0.763228 0.593750 0.760251 0.593998 0.758929 0.594990 0.757606 0.599950 0.755622 0.601687 0.751323 0.602183 0.747685 0.603919 0.744048 0.604663 0.741733 0.607143 0.741402 0.609871 0.739749 0.613591 0.739749 0.616071 0.741402 0.618552 0.743717 0.619544 0.754960 0.621032 0.758598 0.622768 0.762897 0.623512 0.779101 0.624256 0.781415 0.622768 0.783730 0.620040 0.784722 0.617312 0.786706 0.615079 0.787698 0.609871 0.787368 0.601190 0.788029 0.595734 0.792328 0.588790 0.796296 0.585565 0.800926 0.584325 0.810516 0.583829 0.814153 0.585317 0.818783 0.585813 0.821759 0.588790 0.829365 0.592262 0.834325 0.592510 0.836971 0.591518 0.841601 0.586310 0.843254 0.580109 0.841931 0.572669 0.835317 0.571181 0.829696 0.570685 0.826720 0.568700 0.826389 0.567460 0.830026 0.554315 0.832011 0.550843 0.834656 0.548115 0.841601 0.534226 0.842923 0.529762 0.842593 0.526538 0.841601 0.524306 0.836971 0.519593 0.833995 0.513641 0.830688 0.510665 0.826389 0.503472 0.824074 0.501240 0.823082 0.495536
0 0.661706 0.471230 0.658730 0.473958 0.657407 0.478423 0.658399 0.499008 0.656746 0.509177 0.656415 0.518849 0.657738 0.524306 0.659061 0.526538 0.663690 0.530010 0.666997 0.531498 0.672619 0.532242 0.678571 0.532242 0.691468 0.530258 0.705026 0.529762 0.708664 0.528274 0.712632 0.527778 0.716931 0.525546 0.724537 0.524306 0.728505 0.522569 0.732804 0.518849 0.733135 0.516617 0.729167 0.513889 0.720899 0.510665 0.712632 0.505208 0.710979 0.502480 0.710979 0.489335 0.709656 0.484375 0.708664 0.483383 0.705357 0.481895 0.703373 0.484127 0.700728 0.485367 0.697751 0.484127 0.693783 0.484623 0.689815 0.482639 0.685185 0.483135 0.680886 0.480407 0.678241 0.477183 0.674934 0.475694 0.672288 0.472718 0.665344 0.470982
0 0.610780 0.633929 0.603836 0.635665 0.594907 0.639385 0.587632 0.646825 0.584325 0.652282 0.578373 0.657490 0.575066 0.662202 0.573082 0.669395 0.572090 0.670387 0.568783 0.668899 0.563492 0.668403 0.556548 0.669891 0.548942 0.674107 0.544974 0.681548 0.544643 0.689980 0.548942 0.701141 0.555886 0.711062 0.561508 0.713294 0.567791 0.714286 0.592593 0.722222 0.596230 0.724206 0.609788 0.729663 0.618717 0.731647 0.625992 0.731895 0.631283 0.729415 0.639220 0.716518 0.639220 0.696181 0.641534 0.686260 0.641865 0.670387 0.640542 0.667907 0.635251 0.666667 0.622685 0.666419 0.617725 0.663938 0.616071 0.659474 0.616071 0.656746 0.617063 0.654762 0.616402 0.650298 0.618717 0.648065 0.623677 0.649306 0.626984 0.647569 0.634259 0.647569 0.639220 0.651290 0.641534 0.657986 0.642857 0.659226 0.646164 0.658978 0.649802 0.656498 0.653770 0.657242 0.656415 0.654514 0.656415 0.650794 0.651124 0.645833 0.646825 0.645833 0.642857 0.643601 0.636574 0.641865 0.634259 0.638889 0.626653 0.636905 0.620040 0.634425
0 0.650463 0.533730 0.646164 0.541419 0.643849 0.547371 0.638228 0.556796 0.636905 0.572669 0.634921 0.576885 0.636574 0.580853 0.647487 0.590278 0.649140 0.593006 0.656415 0.600446 0.665013 0.603919 0.674272 0.606151 0.681548 0.606647 0.686177 0.605903 0.690807 0.603919 0.699735 0.603423 0.709325 0.604911 0.719577 0.608383 0.725529 0.608631 0.733466 0.604663 0.738426 0.601438 0.748677 0.597470 0.751984 0.594990 0.755622 0.594494 0.757275 0.593502 0.759921 0.588542 0.759590 0.579613 0.751323 0.571429 0.748347 0.566468 0.745040 0.562996 0.739087 0.559028 0.731812 0.551339 0.725860 0.547867 0.720238 0.545635 0.714286 0.540675 0.709987 0.538690 0.702712 0.533482 0.696759 0.531994 0.688492 0.531994 0.681878 0.532738 0.674603 0.535218 0.672950 0.535218 0.662037 0.531498 0.654431 0.530754
0 0.756614 0.353423 0.751323 0.349702 0.748677 0.345982 0.743717 0.343006 0.739749 0.339286 0.737434 0.338542 0.733135 0.335317 0.731481 0.335317 0.728505 0.336062 0.723876 0.339534 0.717262 0.342758 0.713294 0.343502 0.700066 0.348710 0.696429 0.349206 0.693452 0.350446 0.689484 0.351190 0.685847 0.352927 0.657407 0.360367 0.654762 0.362351 0.649802 0.363839 0.641865 0.368552 0.640873 0.371280 0.641534 0.376240 0.643188 0.378968 0.650463 0.385417 0.655754 0.386657 0.667659 0.387401 0.669643 0.388641 0.673611 0.394345 0.681217 0.400050 0.688161 0.401538 0.693452 0.401290 0.703042 0.398065 0.708664 0.395337 0.712963 0.394593 0.719907 0.391865 0.736111 0.389137 0.746362 0.384425 0.749008 0.380208 0.749339 0.373264 0.750992 0.368800 0.754630 0.366071 0.756944 0.362599 0.757275 0.355903
0 0.760582 0.424355 0.758929 0.424355 0.748347 0.428819 0.744048 0.428323 0.740410 0.429563 0.727844 0.429812 0.721561 0.431052 0.719246 0.432292 0.718254 0.434276 0.717262 0.439484 0.717593 0.451389 0.716601 0.458333 0.716931 0.466518 0.714286 0.481151 0.712632 0.486607 0.711971 0.493056 0.712302 0.501736 0.715608 0.506200 0.719246 0.508681 0.727183 0.512649 0.731481 0.514137 0.733466 0.514137 0.736442 0.513145 0.741071 0.508929 0.749008 0.503224 0.752646 0.497520 0.757275 0.493800 0.765212 0.489831 0.769511 0.486111 0.774471 0.483879 0.778770 0.478175 0.780754 0.474206 0.781085 0.469494 0.777116 0.447421 0.773810 0.438492 0.766534 0.427579 0.764220 0.425595
0 0.694114 0.436508 0.693122 0.437004 0.692130 0.440476 0.687831 0.445933 0.686177 0.451637 0.680225 0.462054 0.676918 0.465774 0.673611 0.466270 0.672288 0.467014 0.670966 0.469742 0.671296 0.471230 0.674272 0.473462 0.677249 0.474206 0.681217 0.477431 0.685185 0.478423 0.701058 0.477927 0.708995 0.476687 0.711971 0.474206 0.714286 0.467758 0.714947 0.458333 0.712963 0.449901 0.709325 0.446677 0.707011 0.445685 0.700728 0.441220 0.698082 0.440228
5 0.501653 0.275794 0.495040 0.273313 0.487434 0.272073 0.482804 0.272817 0.474537 0.273065 0.468585 0.269097 0.464947 0.268601 0.453373 0.270833 0.442791 0.270089 0.435516 0.271577 0.431548 0.271825 0.423611 0.273562 0.417989 0.276786 0.409061 0.279762 0.406415 0.282738 0.405423 0.301587 0.403439 0.314980 0.401786 0.319196 0.396495 0.324901 0.394180 0.329613 0.393188 0.334077 0.389881 0.340526 0.388889 0.344990 0.389550 0.346974 0.392196 0.348710 0.411045 0.347470 0.417328 0.345734 0.428571 0.344246 0.431548 0.343006 0.434854 0.343502 0.441799 0.345982 0.444775 0.345982 0.447751 0.345238 0.466931 0.344742 0.475529 0.343254 0.480820 0.338046 0.485450 0.334573 0.486442 0.332837 0.494378 0.326637 0.498347 0.322421 0.500661 0.318204 0.500000 0.312500 0.500331 0.306796 0.501984 0.305060 0.507606 0.302331 0.511243 0.298859 0.511243 0.291667 0.509259 0.284474 0.504299 0.280010
5 0.381283 0.250992 0.371693 0.249504 0.360780 0.249504 0.353175 0.251736 0.348545 0.254216 0.345899 0.254712 0.337302 0.254712 0.333664 0.257937 0.330026 0.259425 0.325728 0.263393 0.314153 0.265625 0.309854 0.269593 0.306217 0.271329 0.300265 0.275794 0.293651 0.285466 0.288029 0.289931 0.284722 0.291419 0.282407 0.293403 0.277447 0.303819 0.267196 0.312252 0.265873 0.313988 0.263889 0.319692 0.258929 0.328621 0.255952 0.342262 0.251653 0.353175 0.251323 0.368304 0.252315 0.375744 0.253968 0.380952 0.255952 0.383929 0.263889 0.385913 0.267857 0.390129 0.270833 0.390873 0.275132 0.390873 0.279431 0.390129 0.284061 0.392609 0.288690 0.393105 0.295304 0.391617 0.306548 0.391121 0.311839 0.389881 0.318452 0.387153 0.320767 0.385417 0.322751 0.382937 0.326720 0.379960 0.329365 0.375992 0.333003 0.372272 0.334656 0.371280 0.345569 0.370288 0.353505 0.366319 0.366071 0.362351 0.373016 0.359375 0.375000 0.357143 0.376323 0.352679 0.380291 0.347718 0.383598 0.344990 0.386905 0.343998 0.389550 0.342014 0.391204 0.338294 0.392857 0.329613 0.401124 0.318204 0.402447 0.314732 0.405754 0.297619 0.407077 0.279018 0.406415 0.275546 0.404762 0.272073 0.398810 0.269097 0.397156 0.266369 0.396495 0.263641 0.393519 0.260169 0.386905 0.257937 0.384259 0.256200 0.382937 0.252728
