0 0.328125 0.310059 0.557943 0.310059 0.557943 0.563477 0.328125 0.563477
0 0.214193 0.361816 0.370443 0.361816 0.370443 0.528809 0.214193 0.528809
0 0.597005 0.299805 0.716797 0.299805 0.716797 0.395996 0.597005 0.395996
0 0.455078 0.305664 0.663411 0.305664 0.663411 0.421875 0.455078 0.421875
0 0.169271 0.402344 0.264974 0.402344 0.264974 0.571289 0.169271 0.571289
5 0.775391 0.481934 0.873698 0.481934 0.873698 0.771973 0.775391 0.771973
5 0.427734 0.600586 0.736979 0.600586 0.736979 0.806641 0.427734 0.806641
5 0.482422 0.630371 0.782552 0.630371 0.782552 0.852539 0.482422 0.852539
5 0.118490 0.502441 0.583333 0.502441 0.583333 0.812012 0.118490 0.812012
5 0.383464 0.475586 0.692057 0.475586 0.692057 0.630371 0.383464 0.630371
0 0.423828 0.310059 0.416016 0.314941 0.411458 0.313477 0.399740 0.315918 0.397135 0.319336 0.392578 0.322266 0.387370 0.322266 0.378255 0.328613 0.360026 0.334961 0.352214 0.338867 0.330078 0.354004 0.328125 0.356934 0.328125 0.359863 0.330078 0.364258 0.337891 0.369629 0.350260 0.382812 0.354167 0.383789 0.363281 0.391602 0.367188 0.397949 0.371094 0.399902 0.377604 0.407715 0.370443 0.419434 0.369792 0.427734 0.373698 0.437988 0.377604 0.439453 0.381510 0.445801 0.385417 0.448242 0.388021 0.456055 0.391927 0.458008 0.399089 0.464844 0.403646 0.471680 0.410807 0.476074 0.417318 0.485352 0.417318 0.488770 0.416016 0.489746 0.416667 0.494629 0.414062 0.495605 0.413411 0.493652 0.411458 0.493652 0.411458 0.495117 0.414062 0.496094 0.414062 0.499023 0.417969 0.501465 0.432292 0.520020 0.444010 0.530762 0.449219 0.531250 0.458333 0.534668 0.462891 0.534668 0.467448 0.537109 0.467448 0.540527 0.470703 0.542480 0.470703 0.544434 0.473958 0.545410 0.479818 0.551270 0.483724 0.551758 0.487630 0.554688 0.488281 0.557617 0.491536 0.559082 0.494141 0.562988 0.503255 0.563477 0.509766 0.561035 0.519531 0.553711 0.524740 0.547852 0.537109 0.540039 0.547526 0.525391 0.557943 0.515137 0.557943 0.512207 0.555339 0.510742 0.557292 0.506348 0.555339 0.500488 0.548828 0.494141 0.548177 0.490723 0.544271 0.487305 0.543620 0.480957 0.540365 0.478516 0.541667 0.474121 0.537109 0.471680 0.535807 0.465332 0.538411 0.461426 0.542318 0.461426 0.544922 0.462891 0.545573 0.460938 0.548828 0.459473 0.546875 0.453125 0.539714 0.449219 0.537760 0.444824 0.535156 0.444824 0.532552 0.448242 0.529297 0.447266 0.527995 0.449707 0.522135 0.450195 0.519531 0.448730 0.513672 0.448730 0.505859 0.446777 0.504557 0.445312 0.505859 0.442383 0.508464 0.445801 0.511719 0.443848 0.511068 0.441406 0.507812 0.439453 0.511068 0.436523 0.511068 0.435059 0.507812 0.434570 0.506510 0.436523 0.505208 0.436035 0.507161 0.433105 0.505859 0.430176 0.502604 0.432617 0.500651 0.432129 0.500651 0.430664 0.503255 0.429199 0.503255 0.427246 0.500000 0.425293 0.500000 0.423828 0.504557 0.421875 0.505859 0.419922 0.511068 0.421387 0.513672 0.418945 0.514974 0.421875 0.519531 0.422363 0.520182 0.417480 0.516927 0.416992 0.516927 0.415527 0.521484 0.416016 0.523438 0.414062 0.527344 0.413574 0.529297 0.411133 0.531901 0.413574 0.534505 0.413574 0.538411 0.409668 0.538411 0.407227 0.542969 0.405762 0.542969 0.403320 0.539714 0.402832 0.537760 0.405762 0.536458 0.405273 0.537760 0.398926 0.535807 0.396484 0.538411 0.393555 0.538411 0.391113 0.536458 0.389648 0.535807 0.386230 0.539062 0.382812 0.542969 0.382812 0.544922 0.385742 0.545573 0.382324 0.549479 0.381348 0.549479 0.379883 0.546875 0.378418 0.546875 0.375977 0.551432 0.374023 0.550781 0.370605 0.553385 0.370117 0.553385 0.368652 0.552083 0.368164 0.550781 0.370605 0.548177 0.370605 0.546224 0.369141 0.550781 0.366699 0.550781 0.363770 0.546875 0.361816 0.550781 0.358887 0.550781 0.356445 0.546224 0.354980 0.546224 0.350586 0.548828 0.350098 0.548828 0.349121 0.546875 0.348145 0.546224 0.344238 0.542969 0.343750 0.541667 0.340820 0.539714 0.341797 0.540365 0.343262 0.542969 0.343750 0.541667 0.347168 0.539062 0.346191 0.538411 0.344238 0.535156 0.344238 0.534505 0.341309 0.531901 0.340820 0.531901 0.343750 0.528646 0.344238 0.527344 0.347168 0.523438 0.348633 0.524089 0.351074 0.527344 0.351074 0.527995 0.348633 0.529948 0.348633 0.529297 0.354492 0.532552 0.359863 0.535807 0.359863 0.537109 0.356445 0.537760 0.358887 0.542969 0.360840 0.541667 0.362793 0.538411 0.363770 0.538411 0.366211 0.542318 0.367676 0.543620 0.369629 0.539714 0.371094 0.537109 0.374023 0.535156 0.370117 0.532552 0.369141 0.535807 0.366211 0.535807 0.363281 0.532552 0.362793 0.528646 0.365234 0.524740 0.361328 0.526693 0.356445 0.521484 0.357910 0.520182 0.354980 0.516276 0.353027 0.518880 0.352051 0.519531 0.349121 0.517578 0.348145 0.516276 0.349121 0.516927 0.352539 0.513672 0.352539 0.503906 0.344727 0.503255 0.340820 0.500000 0.340332 0.498047 0.341309 0.497396 0.339355 0.493490 0.337891 0.494141 0.333984 0.490234 0.334473 0.480469 0.328613 0.479167 0.325195 0.473958 0.328125 0.470703 0.325684 0.467448 0.326172 0.466146 0.324219 0.461589 0.323242 0.459635 0.321289 0.456380 0.321289 0.451172 0.317871 0.445312 0.316895 0.443359 0.314453 0.439453 0.315430 0.436198 0.312988 0.434245 0.312988 0.431641 0.315430 0.429688 0.313965 0.429688 0.312012 0.432292 0.311035 0.429036 0.312012
0 0.319010 0.361816 0.305990 0.366699 0.281250 0.381348 0.274089 0.388184 0.272135 0.397461 0.270182 0.400391 0.251302 0.402344 0.244141 0.404785 0.228516 0.413086 0.220703 0.424805 0.218099 0.436035 0.215495 0.438965 0.214193 0.451660 0.216797 0.455566 0.218750 0.463379 0.222005 0.487305 0.227865 0.498535 0.232422 0.500977 0.236979 0.506348 0.246745 0.511719 0.256510 0.514160 0.261068 0.511719 0.277344 0.507324 0.279948 0.504883 0.279948 0.497559 0.283854 0.495117 0.291016 0.499023 0.294922 0.499512 0.302083 0.505371 0.306641 0.513672 0.315755 0.521973 0.324870 0.526855 0.338542 0.528809 0.341797 0.527344 0.346354 0.527832 0.354167 0.521973 0.364583 0.517578 0.369141 0.513672 0.370443 0.504883 0.367188 0.493164 0.360026 0.479980 0.355469 0.464844 0.353516 0.449219 0.354167 0.442383 0.352865 0.439941 0.352865 0.431641 0.355469 0.429199 0.355469 0.420410 0.352865 0.416504 0.352865 0.408203 0.349609 0.392090 0.345052 0.384766 0.345052 0.380859 0.342448 0.375000 0.328776 0.363770 0.324870 0.361816
0 0.642578 0.300293 0.627604 0.306641 0.611979 0.316406 0.602214 0.324219 0.597005 0.334473 0.597005 0.342773 0.599609 0.357422 0.604167 0.364746 0.613281 0.370605 0.619792 0.373047 0.643880 0.375977 0.653646 0.383301 0.657552 0.389160 0.662109 0.392090 0.672526 0.395996 0.677734 0.395996 0.692057 0.391602 0.696615 0.387695 0.704427 0.357422 0.712240 0.336426 0.716797 0.330566 0.716797 0.326172 0.707031 0.313965 0.696615 0.305176 0.692057 0.304688 0.688802 0.305664 0.683594 0.311523 0.680990 0.312988 0.675781 0.313477 0.670573 0.309570 0.666667 0.301758 0.660156 0.299805
0 0.456380 0.314941 0.455078 0.318848 0.458333 0.322754 0.464193 0.326660 0.474609 0.329590 0.477865 0.329102 0.489583 0.334473 0.495443 0.338867 0.496745 0.342285 0.501953 0.345703 0.501302 0.349609 0.511068 0.353516 0.514974 0.358887 0.519531 0.361328 0.522786 0.366699 0.526693 0.369141 0.525391 0.374023 0.520833 0.376465 0.518880 0.381348 0.518880 0.387207 0.523438 0.396973 0.531250 0.404785 0.536458 0.407227 0.549479 0.407227 0.564453 0.414062 0.572266 0.414062 0.575521 0.416016 0.588542 0.416504 0.595052 0.419922 0.624349 0.421875 0.634766 0.418457 0.639323 0.418945 0.642578 0.417480 0.653646 0.416992 0.658203 0.421387 0.662109 0.421387 0.663411 0.417969 0.662760 0.407715 0.654948 0.396484 0.651042 0.387207 0.643880 0.382812 0.631510 0.382324 0.626302 0.380859 0.604818 0.369141 0.595052 0.357910 0.591797 0.351562 0.587240 0.348633 0.584635 0.344727 0.579427 0.342773 0.563151 0.330566 0.559896 0.325684 0.557943 0.325684 0.544922 0.315918 0.541667 0.315430 0.537760 0.312012 0.502604 0.309082 0.498047 0.306641 0.485677 0.305664 0.463542 0.310547
0 0.253255 0.402344 0.243490 0.403320 0.239583 0.406738 0.236328 0.406738 0.227865 0.411621 0.227214 0.415527 0.224609 0.417969 0.220703 0.417969 0.217448 0.414551 0.208984 0.411621 0.205078 0.411621 0.197917 0.414551 0.188151 0.423828 0.180339 0.436523 0.172526 0.454590 0.169922 0.466309 0.169271 0.485352 0.173177 0.510254 0.180339 0.526367 0.186849 0.535156 0.188802 0.541992 0.204427 0.571289 0.213542 0.569336 0.225260 0.561035 0.226562 0.558105 0.225260 0.551758 0.212240 0.537598 0.212891 0.535645 0.220052 0.535645 0.227214 0.539062 0.231771 0.539062 0.235677 0.541504 0.237630 0.541504 0.243490 0.537598 0.242839 0.533203 0.248047 0.531250 0.248698 0.524414 0.247396 0.520996 0.250000 0.516113 0.258464 0.513184 0.264974 0.509277 0.263672 0.501465 0.259766 0.503906 0.257161 0.500977 0.255208 0.500977 0.251302 0.504395 0.250000 0.507812 0.247396 0.509277 0.244141 0.505371 0.240885 0.506836 0.232422 0.500977 0.223958 0.489746 0.222005 0.480469 0.222005 0.470703 0.218099 0.457031 0.219401 0.451660 0.219401 0.432129 0.222656 0.428223 0.222656 0.424805 0.224609 0.422363 0.233073 0.420898 0.236328 0.415039 0.246094 0.412598 0.250000 0.407715 0.255208 0.405273 0.255208 0.403320
5 0.798177 0.481934 0.789062 0.488770 0.787109 0.492676 0.781901 0.497559 0.779297 0.501953 0.775391 0.517090 0.776042 0.534180 0.777995 0.540039 0.777995 0.548340 0.779948 0.557129 0.779297 0.568359 0.781250 0.589355 0.779297 0.622559 0.780599 0.628906 0.779948 0.639160 0.782552 0.647461 0.782552 0.655762 0.789062 0.679199 0.789062 0.686523 0.794922 0.695312 0.796224 0.702148 0.802734 0.706055 0.805339 0.711426 0.811198 0.717285 0.826172 0.744629 0.835286 0.752441 0.845052 0.767578 0.848958 0.770508 0.854818 0.771973 0.859375 0.769043 0.861328 0.765625 0.871094 0.725586 0.873698 0.684570 0.869792 0.664062 0.869792 0.653809 0.865885 0.624023 0.852214 0.575684 0.848958 0.570801 0.843750 0.555664 0.827474 0.520020 0.821615 0.511230 0.819661 0.504883 0.813151 0.497559 0.811198 0.492676 0.803385 0.483398
5 0.726562 0.603027 0.722005 0.600586 0.717448 0.602051 0.711589 0.601562 0.705078 0.602539 0.697917 0.605469 0.688802 0.612305 0.684896 0.620117 0.680990 0.619629 0.677083 0.621582 0.666667 0.623535 0.652995 0.632812 0.643229 0.636719 0.633464 0.638184 0.623698 0.641602 0.617839 0.646484 0.615234 0.651367 0.602865 0.660645 0.593099 0.670898 0.578776 0.681152 0.576823 0.684570 0.563151 0.695312 0.560547 0.698730 0.535807 0.717773 0.531250 0.719727 0.524740 0.728516 0.526042 0.731934 0.532552 0.736328 0.529948 0.738770 0.522786 0.741699 0.508464 0.743164 0.502604 0.745117 0.496745 0.750488 0.493490 0.751465 0.474609 0.765625 0.470703 0.767090 0.465495 0.771973 0.462240 0.772949 0.442057 0.789062 0.438151 0.790527 0.435547 0.794434 0.429036 0.798340 0.427734 0.804199 0.429688 0.805664 0.434896 0.806641 0.444010 0.806641 0.451823 0.805664 0.457031 0.803711 0.468750 0.803711 0.481120 0.802246 0.486979 0.800293 0.499349 0.799316 0.509766 0.796387 0.522786 0.795410 0.544922 0.789551 0.570312 0.780273 0.579427 0.774902 0.623698 0.754395 0.647135 0.740234 0.666667 0.724121 0.670573 0.718750 0.674479 0.716797 0.685547 0.705078 0.688151 0.697266 0.706380 0.679199 0.719401 0.657715 0.722005 0.656250 0.736979 0.638672 0.735677 0.634277 0.730469 0.627930 0.733724 0.611816 0.728516 0.607910
5 0.779297 0.635742 0.766927 0.630371 0.763672 0.632324 0.759766 0.631836 0.758464 0.633301 0.751953 0.634766 0.748047 0.638184 0.744141 0.637695 0.740885 0.640625 0.735026 0.642578 0.733073 0.645996 0.725911 0.650879 0.724609 0.655273 0.715495 0.664551 0.711589 0.671387 0.708333 0.674316 0.708333 0.676270 0.701172 0.681641 0.696615 0.687500 0.693359 0.688965 0.692708 0.691895 0.688802 0.693848 0.688151 0.696289 0.685547 0.697754 0.685547 0.700195 0.680990 0.700195 0.680990 0.702148 0.683594 0.705078 0.677083 0.713379 0.668620 0.719238 0.667969 0.721680 0.664062 0.724121 0.661458 0.728027 0.650391 0.736816 0.645833 0.735840 0.645182 0.737793 0.641927 0.739746 0.641276 0.743652 0.631510 0.750000 0.626953 0.751465 0.622396 0.750977 0.621094 0.753418 0.617839 0.754395 0.613932 0.758301 0.602214 0.762695 0.599609 0.765137 0.590495 0.766113 0.587891 0.769043 0.585938 0.766602 0.582682 0.766113 0.578776 0.770996 0.578125 0.773926 0.567708 0.780273 0.559245 0.780762 0.557292 0.778320 0.553385 0.780762 0.550781 0.780273 0.546875 0.777344 0.546875 0.774414 0.550130 0.772461 0.550130 0.770996 0.546875 0.769531 0.546875 0.766113 0.550130 0.765137 0.552734 0.762207 0.554036 0.765137 0.558594 0.765137 0.559245 0.768066 0.561198 0.769043 0.561849 0.765625 0.559245 0.764648 0.559245 0.763184 0.561198 0.762207 0.562500 0.764648 0.566406 0.764648 0.566406 0.762207 0.568359 0.761719 0.569661 0.764648 0.567708 0.765625 0.567057 0.768066 0.569010 0.768555 0.569661 0.766113 0.574219 0.765625 0.577474 0.761230 0.577474 0.758789 0.574219 0.756836 0.574219 0.754883 0.570312 0.754883 0.570312 0.757812 0.567057 0.758789 0.566406 0.762207 0.563802 0.761719 0.562500 0.758301 0.558594 0.756348 0.558594 0.754395 0.562500 0.752930 0.561198 0.750488 0.559245 0.750977 0.559245 0.753906 0.555339 0.754395 0.554688 0.757324 0.552083 0.758301 0.550130 0.754395 0.547526 0.754395 0.546875 0.757324 0.544271 0.757812 0.542969 0.754395 0.538411 0.753418 0.537760 0.750488 0.535807 0.750488 0.535156 0.752441 0.531250 0.753906 0.530599 0.749512 0.528646 0.749023 0.527995 0.752441 0.531250 0.753906 0.531250 0.756836 0.524740 0.761230 0.522786 0.758301 0.520833 0.758301 0.518880 0.754883 0.516927 0.754395 0.516276 0.758301 0.513021 0.759277 0.514974 0.764160 0.512370 0.765137 0.511719 0.762695 0.507161 0.761230 0.507161 0.758789 0.504557 0.756836 0.504557 0.754883 0.507161 0.752930 0.506510 0.750977 0.504557 0.750977 0.500000 0.754395 0.500000 0.756836 0.498047 0.758789 0.498698 0.760254 0.501953 0.759766 0.500651 0.760742 0.500651 0.765137 0.503906 0.766602 0.503906 0.769043 0.500651 0.770508 0.500651 0.772949 0.503255 0.774902 0.500651 0.777344 0.500651 0.779785 0.503255 0.780273 0.505859 0.778809 0.507161 0.780273 0.511719 0.780273 0.515625 0.777832 0.516276 0.779297 0.518229 0.779297 0.515625 0.777832 0.515625 0.773926 0.511719 0.772461 0.511068 0.770020 0.507161 0.769531 0.507161 0.766113 0.509115 0.764648 0.512370 0.765137 0.512370 0.769531 0.515625 0.769043 0.515625 0.766113 0.517578 0.765137 0.520182 0.766602 0.520833 0.769043 0.522135 0.769043 0.524089 0.765137 0.527344 0.765137 0.527995 0.769043 0.531250 0.770996 0.530599 0.773438 0.527995 0.774414 0.527995 0.776367 0.530599 0.777832 0.531901 0.781250 0.534505 0.781738 0.536458 0.783691 0.539062 0.781738 0.542318 0.781738 0.543620 0.785645 0.540365 0.786621 0.538411 0.790527 0.530599 0.791992 0.520182 0.797363 0.514323 0.803223 0.501953 0.812012 0.493490 0.820801 0.485026 0.832520 0.482422 0.838379 0.482422 0.842773 0.496094 0.844238 0.498698 0.846191 0.501302 0.851562 0.505859 0.852539 0.513021 0.852051 0.522135 0.849121 0.531901 0.850586 0.542318 0.850098 0.549479 0.845215 0.556641 0.842773 0.576172 0.839355 0.584635 0.835449 0.598958 0.823730 0.610026 0.818848 0.619792 0.812500 0.627604 0.805664 0.633464 0.802734 0.644531 0.792969 0.673828 0.773438 0.686849 0.763184 0.688802 0.759766 0.694010 0.756348 0.695964 0.751953 0.702474 0.747070 0.704427 0.744141 0.710938 0.741211 0.731120 0.726074 0.735026 0.720703 0.741536 0.716797 0.742839 0.713379 0.750000 0.707520 0.751302 0.704590 0.757161 0.700684 0.758464 0.697754 0.763672 0.694824 0.766276 0.688965 0.772135 0.686035 0.773438 0.680176 0.779948 0.676758 0.781901 0.670410 0.782552 0.652832 0.781250 0.649414 0.781250 0.640625
5 0.287109 0.502441 0.279297 0.511230 0.275391 0.512207 0.270833 0.515137 0.261719 0.515625 0.257161 0.517578 0.255859 0.522461 0.251953 0.525879 0.250000 0.538574 0.247396 0.543457 0.235677 0.546387 0.229818 0.542480 0.224609 0.543945 0.227865 0.546387 0.232422 0.547363 0.232422 0.559082 0.229818 0.561035 0.220052 0.563965 0.217448 0.569336 0.212240 0.571777 0.208984 0.576172 0.201172 0.579102 0.196615 0.585938 0.195312 0.599609 0.197266 0.601074 0.203125 0.601074 0.205078 0.599609 0.210286 0.601562 0.212891 0.604004 0.209635 0.610840 0.210938 0.616699 0.217448 0.615723 0.216797 0.610840 0.220052 0.608887 0.233724 0.611328 0.233724 0.614746 0.236979 0.622070 0.231120 0.625977 0.227865 0.625977 0.226562 0.628418 0.227865 0.633301 0.231771 0.633301 0.233073 0.634766 0.232422 0.638184 0.229818 0.639160 0.224609 0.638184 0.217448 0.640137 0.216146 0.641602 0.211589 0.641113 0.211589 0.646973 0.204427 0.650879 0.205729 0.653320 0.205078 0.655273 0.194010 0.656250 0.183594 0.662109 0.173828 0.665039 0.167318 0.670410 0.160156 0.671387 0.151042 0.674316 0.134115 0.682129 0.124349 0.688477 0.119792 0.689453 0.118490 0.693848 0.122396 0.698242 0.130859 0.697266 0.138672 0.693359 0.142578 0.689453 0.154948 0.686035 0.158854 0.683105 0.169922 0.679688 0.180990 0.673340 0.185547 0.672852 0.188151 0.670898 0.201823 0.666016 0.205078 0.663086 0.218099 0.664062 0.219401 0.663086 0.219401 0.658691 0.223958 0.657715 0.225911 0.659180 0.227214 0.665527 0.225260 0.673828 0.231771 0.687012 0.239583 0.689941 0.248047 0.690430 0.251953 0.687500 0.264974 0.685547 0.266927 0.682617 0.270182 0.681641 0.272786 0.683594 0.276042 0.694336 0.281250 0.698242 0.280599 0.700195 0.275391 0.702148 0.273438 0.704102 0.273438 0.706055 0.277344 0.709473 0.270833 0.712891 0.267578 0.712891 0.263021 0.717285 0.254557 0.720215 0.251953 0.723633 0.253906 0.728516 0.261719 0.736328 0.264974 0.748535 0.270182 0.754883 0.278646 0.761230 0.293620 0.765137 0.307943 0.766113 0.313151 0.764648 0.322917 0.764160 0.326823 0.762695 0.331380 0.758789 0.342448 0.755371 0.353516 0.749023 0.358724 0.748535 0.365234 0.750977 0.367839 0.752930 0.369792 0.759277 0.368490 0.761719 0.368490 0.766602 0.370443 0.768555 0.369792 0.771484 0.374349 0.775391 0.373047 0.778809 0.373698 0.782227 0.379557 0.783691 0.378255 0.787109 0.384766 0.791016 0.382161 0.794434 0.376302 0.796875 0.376302 0.799316 0.386719 0.805176 0.388672 0.810547 0.395833 0.812012 0.404297 0.811035 0.404297 0.808594 0.401693 0.806152 0.404948 0.803711 0.404948 0.794922 0.402995 0.794434 0.397786 0.796387 0.392578 0.796387 0.385417 0.791504 0.386068 0.790039 0.392578 0.788574 0.412760 0.789551 0.414062 0.791992 0.411458 0.793945 0.411458 0.795410 0.419922 0.798340 0.422526 0.795410 0.422526 0.791016 0.423828 0.790039 0.429036 0.790527 0.439453 0.787109 0.446615 0.780762 0.451823 0.778809 0.451823 0.776367 0.454427 0.773438 0.463542 0.770996 0.470703 0.764648 0.474609 0.763672 0.476562 0.760742 0.484375 0.756348 0.488932 0.751465 0.499349 0.748047 0.500651 0.743652 0.502604 0.742188 0.514323 0.743652 0.516927 0.742188 0.526693 0.740234 0.526693 0.736816 0.520182 0.733398 0.518229 0.728516 0.521484 0.726562 0.524089 0.720215 0.526042 0.718750 0.529297 0.718750 0.532552 0.713867 0.542318 0.709473 0.544922 0.707520 0.546875 0.703613 0.553385 0.700684 0.552734 0.697266 0.554688 0.693359 0.553385 0.686035 0.546224 0.677734 0.544922 0.669922 0.542318 0.666016 0.540365 0.658691 0.541667 0.657715 0.546224 0.658691 0.557292 0.656250 0.570312 0.655273 0.576172 0.650879 0.578776 0.646484 0.578776 0.642578 0.583333 0.638184 0.578776 0.634277 0.572917 0.632812 0.555990 0.633301 0.552734 0.635254 0.547526 0.635254 0.537109 0.638184 0.525391 0.634277 0.503255 0.633301 0.493490 0.630371 0.490885 0.628418 0.481120 0.627930 0.459635 0.623047 0.455729 0.623535 0.447917 0.618652 0.443359 0.618652 0.429688 0.614746 0.424479 0.609863 0.416016 0.610352 0.412109 0.613281 0.409505 0.610352 0.406250 0.610352 0.402344 0.612793 0.399740 0.612305 0.397135 0.610352 0.393880 0.603516 0.397135 0.599121 0.392578 0.595215 0.385417 0.592773 0.382161 0.582031 0.371745 0.577148 0.365234 0.571289 0.359375 0.568359 0.357422 0.564941 0.352214 0.562012 0.341797 0.546875 0.337240 0.544434 0.335286 0.541016 0.329427 0.537109 0.326823 0.532227 0.321615 0.530762 0.313151 0.524902 0.299479 0.510742 0.293620 0.502441
5 0.690104 0.491699 0.685547 0.486816 0.680990 0.487305 0.672526 0.481445 0.669922 0.477539 0.664062 0.475586 0.658203 0.475586 0.634766 0.497070 0.636068 0.499512 0.641927 0.500488 0.644531 0.502441 0.641927 0.505859 0.639323 0.513672 0.636068 0.514648 0.632812 0.518555 0.630859 0.525391 0.623698 0.531738 0.617188 0.535156 0.611328 0.541992 0.606771 0.540039 0.604818 0.542969 0.602214 0.541504 0.599609 0.530273 0.600911 0.523438 0.600260 0.516602 0.594401 0.513672 0.592448 0.508301 0.585938 0.506836 0.576823 0.507812 0.564453 0.517090 0.560547 0.523438 0.548828 0.525879 0.546224 0.529785 0.540365 0.533203 0.537109 0.542969 0.524740 0.548340 0.521484 0.555176 0.516276 0.561523 0.505859 0.568848 0.501302 0.567871 0.498698 0.570801 0.494792 0.571777 0.490885 0.569824 0.489583 0.567871 0.490234 0.564941 0.485026 0.563477 0.475911 0.555176 0.465495 0.553223 0.458984 0.548828 0.454427 0.547363 0.452474 0.532715 0.451172 0.531250 0.440104 0.531250 0.437500 0.530273 0.434896 0.525879 0.429688 0.523926 0.413411 0.510742 0.407552 0.508789 0.399740 0.508301 0.392578 0.513184 0.389974 0.520508 0.384766 0.525391 0.383464 0.530762 0.384766 0.544434 0.388021 0.547363 0.396484 0.548340 0.397786 0.557129 0.394531 0.560547 0.391276 0.568848 0.393880 0.582031 0.388672 0.582520 0.383464 0.584961 0.385417 0.596680 0.388672 0.600098 0.387370 0.603516 0.389974 0.604004 0.389974 0.600586 0.392578 0.600098 0.397135 0.601562 0.400391 0.604980 0.404948 0.605957 0.411458 0.600586 0.415365 0.604492 0.419922 0.604980 0.425130 0.602539 0.427734 0.603027 0.430990 0.605957 0.440104 0.606445 0.441406 0.608887 0.439453 0.610352 0.435547 0.608887 0.425781 0.610352 0.416667 0.609863 0.413411 0.608398 0.409505 0.609375 0.404948 0.608398 0.396484 0.608887 0.393229 0.611816 0.399740 0.615234 0.404297 0.614746 0.406901 0.616699 0.414714 0.615723 0.421224 0.613281 0.427734 0.612793 0.434245 0.613770 0.442708 0.612793 0.447266 0.614746 0.450521 0.614746 0.464844 0.620605 0.470703 0.621094 0.473958 0.623535 0.490885 0.624512 0.495443 0.621582 0.499349 0.621582 0.501953 0.619141 0.506510 0.621094 0.509766 0.617676 0.515625 0.622070 0.514974 0.624023 0.511068 0.625000 0.511068 0.627930 0.512370 0.628906 0.515625 0.627930 0.516276 0.624023 0.524740 0.630371 0.529297 0.628906 0.533854 0.629883 0.535807 0.628906 0.544922 0.628418 0.548828 0.623535 0.553385 0.623535 0.555990 0.621582 0.561198 0.620605 0.563802 0.617676 0.567708 0.617188 0.571615 0.610352 0.576172 0.610352 0.583984 0.607910 0.587891 0.604492 0.599609 0.599121 0.602865 0.591309 0.603516 0.581055 0.607422 0.578125 0.610026 0.570312 0.615885 0.567871 0.619141 0.562012 0.630859 0.562012 0.632812 0.561035 0.634766 0.556641 0.637370 0.559082 0.639323 0.559082 0.643229 0.553711 0.652344 0.552734 0.654297 0.550781 0.653646 0.544922 0.655599 0.541016 0.662109 0.536621 0.663411 0.533203 0.669271 0.528809 0.671224 0.524902 0.685547 0.511719 0.686198 0.509277 0.690104 0.505371 0.692057 0.499023
